x          gamma      delta      altitude   cldfrc_rhminl   cldopt_rliqocean  hkconv_cmftau  cldfrc_rhminh  zmconv_tau
0 to 1     0 to .99   0 to 40    0 to 39    0.8 to 0.99     8.4 to 19.6       900 to 14400   0.50 to 0.85   1800 to 28800
0.53       0.58      26.66      20.70     0.9024           13.70           10248          0.5782           12965
0.59       0.54      16.22      28.93     0.9091           13.21            7984          0.6590           17938
0.40       0.37      12.39       8.38     0.9145           15.28           11636          0.6248           18951
0.41       0.41      26.79      22.12     0.9495           14.74           10492          0.6939           14408
0.66       0.28      18.11      26.38     0.9270           16.84            3198          0.6924           18130
0.35       0.33      28.47      23.17     0.9293           14.87            4347          0.6684           10678
0.43       0.37      22.43      11.72     0.8606           15.65            5840          0.6887           20258
0.70       0.51      12.19      15.96     0.9303           13.20            3171          0.6150           16276
0.78       0.61      13.97      16.30     0.9130           15.32            8899          0.6873           21277
0.55       0.43      20.02      28.18     0.9233           14.43            5443          0.5836           12777
0.67       0.40       9.23       8.24     0.8507           14.28            7931          0.6322           19659
0.39       0.35      12.55      10.05     0.8687           12.96            5320          0.7491           13678
0.76       0.59      32.88      19.42     0.8832           14.30           10952          0.6716           23524
0.52       0.55      18.27      19.00     0.8722           14.40            9784          0.6217           12903
0.39       0.24      27.31      17.44     0.8899           12.29            5562          0.7979            9953
0.87       0.62      20.19      22.02     0.8880           12.39            5241          0.7205           21086
0.37       0.84      28.08      14.86     0.8974           10.45            6301          0.6379           12303
0.50       0.84      27.53      12.30     0.8712           11.79            9891          0.6484           22665
0.41       0.77       7.63      24.55     0.8420           13.05            8825          0.7301           10522
0.70       0.28      15.36      23.52     0.9420           17.26            9301          0.6870            8279
0.34       0.64      29.43      27.33     0.9230           14.54            4116          0.6051           19036
0.74       0.30      29.83      30.33     0.9385           11.81           10851          0.7196           14195
0.28       0.35      31.33      22.73     0.9069           12.36            4893          0.5541            8915
0.32       0.65      22.58      16.05     0.8352           11.09            6820          0.7995           14257
0.37       0.67      10.46      31.29     0.8786           11.64            7720          0.5936           16195
0.43       0.61      14.97       6.29     0.8655           10.52           11892          0.5539           23849
0.54       0.55       9.71      29.32     0.9289           13.96            7173          0.7894            8570
0.55       0.78      30.68      17.81     0.9033           16.64           11687          0.6530           15183
0.41       0.28      19.24      27.85     0.9380           14.93            6953          0.7733           20470
0.68       0.34      32.96      26.79     0.8522           13.44            7188          0.7152            7754
0.68       0.18      20.85      25.21     0.9057           10.66            6618          0.6463           11417
0.23       0.39      17.61      19.88     0.9414           11.61            2873          0.6363           20732
0.51       0.44      18.60      25.33     0.8781            9.80           12697          0.6779           15726
0.13       0.17      27.64      10.68     0.9092           13.00            8848          0.6109            9134
0.53       0.76      23.97      17.08     0.8323           14.06            3028          0.7166            9370
0.71       0.83      22.87      12.93     0.8379           15.43           11904          0.8026            9494
0.67       0.53      18.83      22.40     0.8912           16.69           11771          0.7931           15796
0.36       0.11      20.55      24.30     0.9550           15.85            5047          0.5862           16417
0.81       0.30      22.85       9.76     0.9201           10.42            2992          0.7180           23367
0.26       0.56      13.46      12.81     0.8711           15.19           12844          0.7461           14483
0.60       0.50      24.99      14.17     0.9662           11.09            7365          0.7771           19199
0.65       0.33       8.80      12.91     0.8520           16.23            3402          0.7559            8728
0.31       0.34      20.95      32.83     0.9378           12.62           11032          0.6193           22938
0.14       0.43      23.26      25.69     0.9283           12.76           11125          0.6508           11010
0.34       0.27      13.11       9.82     0.9172           17.45            2802          0.8067           12533
0.18       0.63      30.79       9.69     0.8206           16.07            7580          0.6750           12287
0.21       0.93      23.37      27.99     0.8989           17.29            5088          0.7335           20966
0.53       0.20      33.10      11.69     0.8875           15.37           10422          0.6625           17234
0.82       0.40      16.92      30.90     0.8733           12.15            3987          0.8156           13798
0.49       0.64      30.14      25.41     0.8435            9.57           10158          0.5713           21413
0.74       0.38      17.31      11.38     0.9017           15.78            5936          0.6498           26958
0.26       0.68      15.64      25.07     0.9051           16.14            5604          0.6520           10799
0.45       0.86      12.62      28.61     0.9648           17.38            9449          0.6079           21750
0.46       0.71      26.99      12.20     0.8803           15.89            3290          0.6967           23705
0.48       0.73      14.46      31.11     0.9001           13.64           12547          0.7099           13579
0.86       0.80      29.53      35.05     0.8456           16.51            8689          0.6475           15935
0.30       0.78      26.20       6.49     0.9467           13.78           10286          0.5998            4908
0.84       0.68      33.40      27.59     0.9315           16.04            5205          0.6642           17570
0.27       0.88      21.62      18.77     0.8426           11.15           10203          0.5345           12682
0.60       0.49      24.04       5.96     0.9645           15.53           10056          0.5977           24919
0.45       0.48      17.51      30.78     0.8583           16.87            9315          0.5303           14069
0.13       0.66       3.38      17.03     0.9524           13.42            5377          0.6306           23125
0.18       0.55      15.87      16.68     0.9512           13.01            5890          0.5047           12412
0.72       0.75      18.87      14.41     0.8511           16.32           12465          0.5695           19326
0.14       0.59      16.52       5.49     0.8949           18.58            4818          0.5368           13839
0.19       0.53       7.32      31.01     0.8933           16.16            9678          0.8297            9316
0.77       0.38      30.05      21.57     0.8554           10.11            7831          0.6990           20794
0.29       0.38      34.91       8.87     0.8869           10.34            5136          0.8165           18232
0.86       0.62      26.57      33.60     0.9161           12.57            8792          0.6523            6315
0.40       0.26      10.08      19.62     0.8642           12.70            8993          0.5851            5912
0.15       0.18      19.05      16.26     0.9445           12.66           10012          0.5705           24645
0.65       0.13      16.43       6.75     0.9072           12.44            9834          0.6892           14373
0.63       0.49      21.30       4.37     0.8693           13.62           11331          0.7487           21584
0.31       0.69      24.77       9.05     0.9479           13.84            4076          0.7620            9742
0.61       0.29      33.63      30.72     0.9028           17.47            8254          0.6120           10472
0.61       0.31       3.18      17.55     0.8943           17.79            2865          0.5740           19752
0.11       0.08      30.22       8.32     0.9633           13.37            3917          0.6699           21977
0.18       0.57       1.86      26.26     0.8702           12.89            4549          0.8058           17416
0.44       0.32      11.86      21.76     0.8401           10.31            5338          0.7882            8412
0.47       0.27      33.54      15.10     0.9483           17.52           10758          0.7138            7933
0.44       0.25      25.30      13.83     0.8282           12.25            9695          0.5628           23174
0.33       0.05      14.40      16.42     0.8912           16.75            9201          0.7580            9877
0.63       0.47      21.23      31.98     0.8789           13.46            6345          0.6139           24295
0.20       0.88      21.49      16.87     0.8956           10.78           10588          0.7271           16356
0.05       0.25      21.38      32.44     0.8924           16.55            5953          0.6445           16698
0.79       0.85      24.37      20.17     0.9580           17.35            3804          0.7647            6271
0.90       0.79       7.95       5.35     0.9281           14.13            7874          0.7188           10967
0.63       0.41      27.83      11.02     0.9174           13.98            5168          0.6090           12507
0.37       0.23       0.47      18.39     0.8412           13.14            6871          0.6159           21823
0.09       0.66      17.83       3.00     0.8669           12.51            8591          0.6853            6689
0.15       0.57      31.54      33.20     0.8628           10.88            2696          0.8185           18319
0.28       0.86      33.33      17.31     0.8360           16.92            4174          0.8446           24838
0.77       0.71      14.57       9.22     0.8558           15.48            3587          0.5381           12155
0.23       0.88      29.83       6.03     0.8936           15.29            7472          0.6038           15457
0.30       0.92      16.31      23.69     0.9186           12.02            2574          0.6722           18633
0.84       0.39       7.07       0.52     0.8592           10.16            9241          0.7584           10174
0.49       0.17       5.94      33.78     0.9272           14.90            6475          0.7542            2548
0.73       0.70      15.27      11.97     0.9490            9.01            7641          0.6310           14571
0.52       0.21      32.34      13.12     0.8951           15.58            2041          0.7657           22602
0.20       0.89       6.90      10.25     0.8660           14.21            5752          0.5663           11291
0.11       0.24      24.22      16.77     0.9249           18.88            4717          0.6837           25790
0.96       0.42      10.74       7.77     0.8167           17.77            7132          0.6293           20184
0.76       0.24      18.01      18.30     0.9434            8.87           10573          0.7040           21867
0.87       0.23      11.08      21.70     0.8684           14.84            8385          0.6768           11615
0.64       0.26      39.74      32.39     0.9181           13.84           13709          0.6081           23876
0.72       0.87      26.88      38.61     0.9880           15.04            1272          0.6653           15856
0.23       0.98      21.98      25.77     0.8483           14.98            7301          0.8319           11541
0.07       0.69      19.60      13.29     0.8354           14.48            5762          0.7115           25537
0.80       0.29      10.66      30.09     0.8486           18.21           11051          0.7605           20927
0.84       0.68      32.49       3.92     0.8367            9.51            7109          0.6228           23464
0.19       0.15       8.13       1.62     0.9042           10.15            6535          0.7252           10888
0.38       0.35      31.69      32.21     0.8602           11.05            1710          0.6027           13010
0.25       0.62      13.84       5.68     0.9501           14.10           12248          0.5463           18841
0.41       0.58      27.19      23.20     0.8231           18.98            6149          0.6349           17149
0.85       0.06      30.43      28.82     0.8338           14.23            8065          0.5766            6524
0.56       0.17      27.97      32.92     0.8198           12.49           13115          0.5076           17465
0.86       0.70      26.39      19.34     0.8841           16.78            7234          0.6456            5143
0.39       0.65      34.14      37.59     0.9360           16.80            5833          0.5955            2642
0.56       0.33      13.67       0.76     0.8077           12.04           11521          0.5871           13712
0.14       0.44       8.02      22.88     0.8041           17.93           10457          0.6995            8050
0.64       0.44       6.72       7.96     0.9106           14.47            3956          0.8106           22510
0.15       0.06      31.98      26.95     0.9108           15.97            8308          0.6631            4667
0.68       0.41      32.22       9.30     0.8184           12.19            3231          0.6787           13100
0.32       0.19      36.41      23.93     0.9371           11.41           13541          0.5579           11677
0.30       0.53       2.37      34.98     0.9320           17.13            7439          0.5673            4277
0.24       0.13      39.19       7.05     0.8745           15.63           10790          0.8231            6371
0.56       0.70       9.42      37.76     0.9766           11.74            6290          0.6234           13389
0.35       0.46      35.41      13.61     0.9561            9.77            9158          0.5249           22138
0.78       0.80      23.69      18.15     0.8750           10.51            3647          0.8175            9090
0.81       0.48      23.87      21.17     0.9761           12.85           10524          0.5510           10074
0.48       0.58      14.69      15.60     0.9505           11.43           13195          0.8320           11778
0.83       0.45       9.59      28.48     0.8798           16.49            2275          0.7266           24587
0.62       0.16      25.82      36.63     0.8261            9.25           11221          0.6977           11831
0.90       0.81      16.91      18.66     0.9683           14.70            6044          0.7417           21334
1.00       0.25      27.70      13.19     0.8306           16.30           11607          0.7230           25292
0.24       0.97      15.89      17.95     0.8982           11.28            3116          0.7825            4517
0.66       0.31      34.34      19.77     0.9062           17.05            1801          0.7428            6458
0.29       0.79       6.76      22.76     0.9587           18.46            1710          0.7456           16124
0.49       0.67      38.75      20.60     0.8759           14.62            6511          0.5566           26639
0.43       0.48       5.49      19.18     0.9336           17.09            9571          0.7221           20087
0.11       0.12      31.88      11.06     0.8257           13.09           12030          0.7400           26141
0.19       0.83      25.38       0.02     0.9334            8.43           12880          0.8333            5703
0.11       0.31      20.28      13.71     0.8663           12.94            2972          0.6668           13253
0.95       0.91       5.31      34.57     0.8922           14.33           10319          0.7402           27469
0.22       0.07       0.97      20.38     0.9402           15.14            3857          0.7517           27377
0.29       0.05       8.56       8.92     0.8818            9.36            8949          0.5332           14795
0.70       0.92      24.88      14.66     0.9390           14.36            6762          0.5057           14909
0.14       0.32       8.65      34.44     0.8372            9.83            5503          0.5817           17377
0.89       0.13      12.88       3.01     0.8283           17.96           14346          0.7687           11929
0.38       0.86      29.04      34.08     0.8335           17.03            7782          0.6756            2957
0.42       0.51      14.19      11.30     0.9570           18.23           13470          0.6678            6744
0.78       0.61       7.46      25.61     0.8675           12.54            2429          0.5475            3261
0.30       0.59      26.09      21.50     0.9259           13.76            9150          0.7214           27229
0.56       0.61      16.03      14.07     0.8252           16.60            7312          0.7951           15578
0.43       0.85      35.88      16.54     0.9636           10.60            3456          0.6575           24173
0.37       0.76      25.22      33.50     0.8236           18.12           12068          0.7922           21531
0.85       0.72       1.58      30.46     0.8448           16.37            5661          0.5457           19422
0.19       0.73       6.51      34.37     0.8538           10.70           13049          0.6204            7198
0.51       0.28      25.61      10.38     0.9078            8.50            8497          0.7449            1817
0.71       0.36      10.90       0.60     0.8615           13.90           13944          0.5222           25666
0.47       0.36      29.26      20.86     0.8430           15.07           13498          0.7008            7973
0.17       0.21      21.04      15.72     0.9792           13.30            8274          0.7750           13931
0.02       0.54      33.96      20.43     0.8647           15.70            8091          0.7904           16687
0.67       0.07      30.87      36.34     0.9628           13.50            4392          0.5153           16014
0.99       0.22      23.12      11.19     0.9407           14.99            7566          0.7349           19143
0.69       0.94      11.73      19.09     0.9891           15.45            1477          0.5794            3934
0.89       0.80       1.40      14.96     0.8227           13.24            2471          0.8362            4244
0.64       0.92       3.80       7.90     0.8812           18.02           12748          0.8384            8186
0.52       0.63      36.03      29.03     0.8052           11.97            9605          0.8097           15302
0.25       0.09      20.41      10.57     0.9164           19.57            1949          0.6409            8861
0.06       0.94      25.12      18.87     0.8637           10.73            7667          0.5181           27921
0.78       0.11      15.11      23.75     0.8055            8.48            7042          0.5646           24462
0.46       0.31      12.28      38.47     0.8864           12.23            9619          0.8079           18073
0.63       0.89       6.37       4.81     0.9211           12.33            2370          0.6275           24096
0.62       0.32      16.77      30.27     0.9344           12.80            1487          0.6819           15086
0.22       0.52      34.48       3.45     0.8611           16.01           13934          0.5927           19306
0.60       0.80      31.01      30.00     0.9544           11.90           12348          0.5371           25890
0.61       0.08       4.93      36.24     0.9855           10.83            4194          0.7832           24554
0.85       0.54       8.32      20.09     0.8127           12.61           10856          0.6917           20422
0.94       0.52       8.38      22.32     0.9814           13.12           13429          0.7841           25800
0.07       0.57      34.99      14.34     0.9742            9.92           12376          0.7122           10346
0.87       0.30      35.70      31.39     0.9244           16.58           13306          0.7989           14916
0.08       0.48      36.71       1.47     0.9238           15.94            3082          0.5884           25426
0.47       0.66      19.19      26.58     0.8766           18.27            2212          0.5596           27813
0.00       0.71       5.54      24.68     0.8849           15.40           11290          0.6257           18207
0.44       0.39      20.70      33.88     0.8140           18.67            8031          0.8421            7252
0.80       0.82      26.03      21.21     0.8295           10.64            8221          0.5655            6009
0.36       0.73      32.40      10.82     0.9798           16.98           14056          0.8003           18735
0.82       0.20      17.75       3.23     0.9325            8.79           12904          0.5734           13489
0.51       0.22      17.39      24.01     0.9148           15.23           13769          0.5802           16994
0.65       0.44       2.45      15.63     0.9441           13.57            9058          0.6120            7705
0.47       0.11       3.08       2.87     0.9013           14.77            6081          0.8305            5261
0.05       0.21       7.29       2.16     0.9101           16.10            9926          0.6830           17706
0.42       0.60       7.70       7.29     0.8994            9.62           13064          0.7023           25244
0.98       0.22      10.59      21.37     0.8543            8.55            8569          0.8408           20682
0.24       0.41      13.59       3.72     0.8063           10.04           10907          0.8279           12031
0.59       0.78      19.50      36.76     0.9461           19.51           11366          0.7287           25333
0.03       0.95       2.21      27.05     0.9863           11.56           12201          0.6709            6593
0.95       0.38       4.49       4.96     0.8048           18.51            1877          0.7858           15390
0.58       0.10       9.34      30.59     0.9556           17.14            6686          0.5982           25982
0.82       0.21      36.86      22.54     0.8563           11.51            4678          0.5497           22403
0.96       0.79      15.07      24.08     0.9137           11.94           14122          0.5827           17009
0.93       0.59      39.97       1.21     0.8169           17.70            6410          0.6902           17792
0.91       0.69      35.61       5.21     0.9311           12.13           10622          0.7054           13318
0.45       0.16       7.17      27.74     0.8158           16.91            4482          0.5087           19774
0.02       0.81      28.83      15.18     0.8968           10.99            4745          0.5893            6160
0.69       0.05      13.74      23.40     0.8186           14.19            2164          0.6417            3770
0.17       0.77      23.65       4.58     0.8742           19.30            9982          0.7012            5372
0.52       0.07      36.59       6.44     0.8392           11.50            9866          0.6172            8474
0.35       0.11      21.84      32.54     0.9263           19.35            2078          0.7947           16477
0.40       0.74      28.61      27.93     0.9395           14.03            8160          0.7369           10237
0.57       0.02      33.91       0.85     0.9189           13.34            3706          0.7788            9760
0.50       0.58       4.39      12.54     0.8146           13.66            6966          0.6616            2037
0.92       0.43      39.57      26.13     0.9651           19.12            1755          0.7101           28739
0.08       0.94      37.83      29.67     0.8326           15.55            3787          0.6558           16552
0.75       0.34      38.92      34.11     0.8215           19.19           10102          0.5399           19523
0.58       0.94      35.95      12.66     0.9895            9.94            6254          0.6605            4144
0.94       0.45      12.01      31.82     0.9677           17.17            4963          0.5215            7463
0.75       0.99       9.97      37.05     0.9084           18.81            5260          0.7243           11111
0.73       0.54      14.79       1.35     0.9156           18.18            1383          0.7357            6976
0.33       0.67      23.51      26.43     0.9575            8.62           11972          0.5136           10609
0.54       0.75      10.32       8.10     0.9471           18.29            7732          0.5722           28138
0.94       0.01      35.14      14.78     0.8463           19.56            8451          0.7433            3881
0.21       0.27       0.18      37.87     0.9711            9.23            4327          0.6269           12073
0.69       0.49      32.71       6.65     0.9007           19.40            9031          0.5403           14634
0.05       0.42      18.48      36.54     0.9519           14.81           14203          0.7663            7321
0.06       0.05       4.28      17.89     0.9718           15.67            2493          0.7384            4812
0.57       0.83      19.35      33.38     0.8806            9.33            6108          0.8117           24748
0.31       0.14      26.48      29.13     0.8069           12.05            3888          0.7377           25588
0.20       0.98       9.91      10.80     0.8965           17.56            8627          0.7752           23710
0.08       0.15      37.54      37.54     0.9129           10.39           13134          0.8392           22819
0.34       0.56       9.02      22.24     0.8621           17.98            1062          0.8201            2326
0.60       0.87       0.87      27.08     0.8102            9.29           10699          0.8148            7101
0.79       0.24      19.78      23.40     0.9803           13.53           10990          0.7761            3427
0.12       0.34      22.37      29.46     0.8414            9.14           13217          0.6163           21105
0.34       0.03      24.65      23.00     0.9681            8.93            7029          0.5916           11485
0.24       0.18       5.12       2.56     0.9727           11.83            4236          0.6435           28450
0.26       0.86      28.79       3.46     0.8828           10.92            2009          0.7634           22033
0.33       0.96       1.75      36.14     0.8218           16.40            3548          0.8484           17653
0.12       0.17       3.27      35.94     0.8589           17.63           14021          0.5615            3040
0.74       0.75      39.44      20.75     0.8442           19.23           12946          0.7712            3545
0.01       0.13       6.57      25.91     0.8473           19.11           12605          0.6592           21644
0.83       0.81       2.11      32.70     0.9602            8.89            4436          0.8281            6100
0.89       0.92      15.46      29.78     0.8391           18.93           12659          0.5753            9624
0.23       0.70      34.75      38.15     0.9355            9.59            5613          0.5773           27297
0.91       0.03       5.99       2.43     0.9619           14.11           13564          0.5940           26650
0.57       0.12      22.19       5.71     0.8984           18.85           13392          0.7297           22876
0.01       0.52      13.37      12.10     0.8696           18.80            1012          0.8431           20338
0.67       0.20      11.97       7.00     0.8095           12.74            4941          0.7725           28719
0.27       0.65      13.24       4.29     0.8319            9.03            2520          0.5357           16800
0.98       0.14       0.40      17.66     0.8405           19.03            7523          0.5069           28043
0.82       0.00       5.68      28.72     0.8904           12.10           11830          0.6736           26046
0.80       0.47      39.21      24.84     0.8845           18.43            1594          0.5557           15651
0.79       0.89      30.61      19.58     0.8765           16.44            8121          0.7698           25163
0.68       0.73      39.36      13.37     0.8893            9.72            1326          0.5166            4616
0.51       0.00      34.71      20.02     0.8013            9.41           12213          0.8214           16872
0.36       0.46      38.48      36.98     0.8571           10.26           13597          0.6061            4028
0.74       0.50      20.68      11.52     0.9704           10.74            4565          0.5631           28388
0.84       0.51      27.34       7.55     0.9791           11.60            1604          0.7866            5815
0.28       0.14      30.38       6.83     0.9744           16.26            9079          0.5267            5614
0.43       0.76      25.88       1.71     0.9433           16.96            1402          0.5205            7520
0.16       0.37       1.14       8.62     0.8246           17.72             973          0.6007           13989
0.98       0.82      24.55      24.94     0.8502           11.33            1550          0.6566           17188
0.42       0.99      12.77       2.62     0.9197           11.44           14304          0.7086            9232
0.38       0.95      37.19       2.31     0.8344           11.69            3496          0.8360            2996
0.90       0.91      38.61      35.51     0.9722           16.20            7402          0.5903            8319
0.72       0.03      37.42       0.26     0.9753           15.10            9762          0.5428           23594
0.25       0.36       5.78       4.49     0.8381           17.60           11737          0.5021           13190
0.59       0.15      34.28       8.72     0.9694           11.23           12399          0.8254           18882
0.10       0.10       0.28      18.56     0.8567            9.88            7893          0.7529           19916
0.16       0.96      36.22      37.34     0.8862           11.19           12110          0.7817           19973
0.16       0.64      31.22      33.07     0.8073            9.85            2296          0.7795            2466
0.77       0.90      11.59      10.34     0.9527            8.63            4038          0.8416           25049
0.48       0.74      34.55       5.28     0.8108           10.22           10380          0.5031           17921
0.80       0.48       6.26      37.24     0.8314           18.68            2196          0.5018            5029
0.92       0.97      15.71       1.94     0.8192           14.61            9351          0.6289           11148
0.58       0.03      37.63      33.26     0.9833           18.08            2779          0.5960            3395
0.98       0.30      31.17      29.23     0.9460            8.82           11450          0.5123           18417
0.91       0.44       4.74      38.28     0.9873           18.77            6896          0.8224           19559
0.54       0.74       0.66      31.91     0.9564           16.71           14278          0.6423           14733
0.55       0.63       3.53      36.83     0.8028           13.73           12317          0.8123           28188
0.97       0.02      22.06      27.25     0.8122           18.52            4290          0.6951           24013
0.27       0.40       4.60      15.39     0.9533            9.04           12736          0.5093           26415
0.91       0.72      19.73       7.66     0.9782           19.02           11100          0.5175            2141
0.73       0.16      12.99      33.69     0.8008           11.71            9532          0.8455            3123
0.47       0.45      24.23       4.20     0.9886           17.86            4608          0.7621           27539
0.02       0.42      17.05      34.87     0.9841           17.21            2934          0.5431           18571
0.91       0.04       2.74       8.56     0.9705           10.07            5473          0.7600           20056
0.62       0.97       4.85      28.41     0.9597           14.71            1910          0.5527           26547
0.01       0.20      21.81      13.56     0.9425            8.78            1861          0.8014           26343
0.27       0.26      25.51       1.80     0.8207           16.39            5015          0.7479            3650
0.87       0.97      17.16       9.92     0.8133            9.09            9417          0.7540           26904
0.32       0.01      38.03      31.47     0.8732           18.38           11503          0.7075           21222
0.93       0.64       2.04      24.20     0.8112           19.43            8374          0.7873            9026
0.66       0.72      28.15      31.63     0.9114            9.18           13825          0.8343            4359
0.89       0.56       0.03      35.80     0.8289            8.72            1292          0.6357           26780
0.54       0.09       7.87      37.17     0.9206           10.36           13249          0.6333            5475
0.04       0.93      33.17      21.03     0.8119           17.55           12997          0.5515            9553
0.16       0.84      29.01      24.46     0.9756           18.71           12129          0.5485           24357
0.22       0.61       1.23      15.93     0.9657           15.15            8736          0.8497            8607
0.70       0.19      36.27      35.25     0.9595           11.88            2736          0.7970           23038
0.88       0.03      11.40       3.19     0.8718           14.57            6675          0.5440            6918
0.10       0.10      11.16      26.05     0.9810           18.34           10145          0.7677           24046
0.77       0.90      37.92      36.06     0.9839            9.34            2356          0.7702            5298
0.03       0.95       1.67      15.35     0.8090            9.67            8524          0.5415            4105
0.97       0.23      36.99      29.97     0.8776           10.57            3360          0.6840            3727
0.97       0.56      28.35       2.68     0.8275           13.93           11949          0.8476            5751
0.65       0.98      33.80       1.25     0.8855           15.86            3427          0.5194           27072
0.03       0.93      14.08      14.58     0.8023           11.35           12559          0.8035           22277
0.92       0.66       2.53       1.07     0.9225           17.66           14365          0.7569           22178
0.03       0.70       4.12      34.70     0.9347           10.24            6578          0.7031           26317
0.00       0.46      32.58      17.18     0.9671           18.15            5998          0.7502            2370
0.09       0.85       1.31       4.79     0.9693           11.31            1223          0.6549            2819
0.19       0.19      29.24      28.29     0.8154           15.73            6219          0.5327            7620
0.07       0.07      19.94      18.18     0.8580           10.85            1104          0.5104           27109
0.71       0.18      39.02       0.21     0.8887            8.95            4507          0.7143           26202
0.17       0.26       4.08       5.83     0.9216           11.01           13790          0.6012            1893
0.02       0.91      11.26      29.53     0.8017           17.32            1132          0.5844           20601
0.81       0.76      35.51      35.72     0.8304           18.40            2642          0.8192           11243
0.95       0.77      37.11      27.47     0.8150           13.27           13879          0.6393           15253
0.93       0.40      32.11      32.19     0.9612           18.05            9500          0.5589           27611
0.96       0.96       2.68       7.15     0.9823            9.46            6773          0.5239            8762
0.09       0.06      35.29      13.94     0.9043           12.82           14138          0.5285           28567
0.25       0.14       2.95      38.88     0.8179           17.42            3302          0.8040           18511
0.86       0.08       9.75       0.38     0.8497            9.54           14233          0.7314           22729
0.99       0.91      18.73      38.41     0.9770            8.69            8715          0.6794           24971
0.73       0.82       3.58       9.38     0.8535           18.62            1200          0.7061           27660
0.06       0.89       0.77       9.48     0.9875           19.31           10670          0.5279            5532
0.93       0.02      11.53      12.47     0.9536           18.91            4844          0.8373            5076
0.32       0.87      16.59      38.08     0.9123           12.42            3729          0.5688            3289
0.05       0.53      38.21       7.38     0.8489            8.71           11394          0.6944            4478
0.88       0.09      18.30      31.75     0.8531           19.28           13687          0.6188            6832
0.13       0.77       3.69      38.92     0.8083           15.81           12500          0.7809            2734
0.99       0.60       3.90      26.63     0.8242            9.13           11265          0.5316            2670
0.09       0.35      37.31       0.95     0.9827           11.16             906          0.6047           12608
0.05       0.12      22.65      37.93     0.9305            9.44            5699          0.8243            9985
0.21       0.47      39.78       6.22     0.8271           19.48            6451          0.6804           28002
0.45       0.67      38.71      35.55     0.8000            8.43            3614          0.6386           23300
0.96       0.04       6.07      35.20     0.9735            9.98            1662          0.5600           15011
0.76       0.50      38.35       4.07     0.9860            9.69           12805          0.5292            2026
0.08       0.87      29.66       2.05     0.9616           10.03           11557          0.7323           26862
0.83       0.84      31.61      11.85     0.8033           18.57            4757          0.5113            2207
0.04       0.01       9.06       5.03     0.8455           19.06           13664          0.8467            7872
0.75       0.96      23.02      21.94     0.9847           19.45           11187          0.8269            7402
0.36       0.04       5.24       3.59     0.9367           19.16            2631          0.5149           22339
0.50       0.82       8.71      25.02     0.8470           14.66           11808          0.5006           27771
0.12       0.79      28.33      35.37     0.9452           17.83            1041          0.8136           28280
1.00       0.10      38.16      34.23     0.8820           10.95           14008          0.8087           28581
0.12       0.29      36.53      38.74     0.9778           17.90           13331          0.5252            4763
0.58       0.51      10.27       3.79     0.8634            8.58            2129          0.7916           10390
