ind  dTS  dFNET CESS_fsnt CESS_flnt CESS_fnet 
ind1 2.093 -3.944 10.42115 0.50507 0.53080
ind2 2.115 -4.183 3.65062 0.44405 0.50555
ind3 2.089 -4.143 4.58974 0.45433 0.50425
ind4 2.046 -3.756 4.13979 0.48132 0.54465
ind5 2.104 -3.649 1.81696 0.43761 0.57645
ind6 2.070 -3.768 6.72529 0.50786 0.54935
ind7 2.133 -4.125 4.14463 0.45970 0.51705
ind8 2.074 -3.676 2.52530 0.46111 0.56412
ind9 2.129 -4.286 3.05434 0.42730 0.49680
ind10 2.077 -3.840 4.79581 0.48604 0.54086
ind11 2.067 -3.832 2.77832 0.45173 0.53944
ind12 2.087 -3.757 2.48847 0.45414 0.55553
ind13 2.144 -4.393 3.41110 0.42687 0.48793
ind14 2.091 -4.111 12.79136 0.48930 0.50876
ind15 2.123 -4.004 13.13828 0.50967 0.53024
ind16 2.132 -3.694 1.99968 0.44787 0.57713
ind17 2.078 -3.829 4.43381 0.48352 0.54271
ind18 2.079 -3.946 2.51330 0.43548 0.52675
ind19 2.133 -4.090 7.36086 0.48709 0.52161
ind20 2.094 -3.874 -13.90628 0.56245 0.54059
ind21 2.093 -3.853 4.04539 0.47888 0.54318
ind22 2.050 -3.854 7.58114 0.49693 0.53179
ind23 2.064 -4.141 -5.30644 0.54997 0.49833
ind24 2.084 -4.021 3.57236 0.45259 0.51825
ind25 2.105 -4.091 4.67584 0.46356 0.51457
ind26 2.104 -4.096 2.27618 0.41905 0.51360
ind27 2.051 -3.864 -98.85054 0.53372 0.53086
ind28 2.107 -3.960 4.21671 0.47254 0.53217
ind29 2.111 -3.988 3.00276 0.45000 0.52932
ind30 2.062 -4.280 -3.88362 0.54982 0.48164
ind31 2.100 -3.589 6.41863 0.53626 0.58515
ind32 2.094 -3.544 1.55705 0.42826 0.59075
ind33 2.092 -3.925 2.85098 0.44916 0.53316
ind34 2.085 -4.043 -11.57329 0.53977 0.51571
ind35 2.084 -4.254 -47.15410 0.49495 0.48981
ind36 2.084 -4.320 -24.84491 0.49211 0.48255
ind37 2.126 -4.196 4.27152 0.45302 0.50676
ind38 2.089 -3.603 2.56360 0.47291 0.57988
ind39 2.162 -3.935 2.52935 0.45140 0.54947
ind40 2.096 -4.264 12.21774 0.47264 0.49166
ind41 2.100 -3.959 2.99707 0.45072 0.53050
ind42 2.086 -4.166 -23.69887 0.51165 0.50084
ind43 2.096 -3.464 1.88626 0.45818 0.60517
ind44 2.058 -3.804 49.98956 0.53509 0.54088
ind45 2.155 -3.986 3.12041 0.46079 0.54062
ind46 2.171 -4.050 6.62813 0.49584 0.53593
ind47 2.071 -4.109 4.44674 0.45271 0.50402
ind48 2.084 -3.857 4.33864 0.48049 0.54033
ind49 2.025 -3.664 2.86710 0.46341 0.55275
ind50 2.081 -4.053 3.15317 0.44150 0.51338
ind51 2.100 -4.431 3.47260 0.41700 0.47390
ind52 2.083 -3.773 7.16105 0.51255 0.55206
ind53 2.075 -3.695 1.99329 0.43823 0.56173
ind54 2.090 -4.050 3.24469 0.44520 0.51599
ind55 2.137 -3.808 3.47181 0.48302 0.56107
ind56 2.090 -4.394 18.05466 0.46346 0.47567
ind57 2.054 -4.397 -1.84161 0.62598 0.46718
ind58 2.085 -3.938 3.03255 0.45086 0.52960
ind59 2.079 -4.006 8.81266 0.49020 0.51908
ind60 2.127 -3.952 1.98932 0.42362 0.53824
ind61 2.103 -3.882 5.12405 0.48982 0.54159
ind62 2.129 -3.835 2.76763 0.46243 0.55520
ind63 2.079 -3.774 5.19878 0.49798 0.55073
ind64 2.099 -4.270 7.06584 0.45954 0.49151
ind65 2.068 -3.876 4.47187 0.47655 0.53340
ind66 2.069 -3.752 27.23220 0.54060 0.55155
ind67 2.077 -3.792 2.41818 0.44660 0.54777
ind68 2.088 -3.552 1.98118 0.45329 0.58778
ind69 2.081 -4.406 -2.23857 0.59852 0.47226
ind70 2.108 -4.531 -2.39543 0.57746 0.46529
ind71 2.117 -4.211 3.14182 0.43345 0.50281
ind72 2.091 -3.977 4.78556 0.47372 0.52576
ind73 2.077 -4.054 3.31641 0.44381 0.51238
ind74 2.073 -3.733 8.22961 0.52008 0.55516
ind75 2.115 -4.004 20.68943 0.51510 0.52825
ind76 2.086 -3.939 3.39560 0.45815 0.52960
ind77 2.135 -3.491 1.60538 0.44276 0.61138
ind78 2.096 -3.960 2.18974 0.42620 0.52919
ind79 2.063 -3.963 -12.09076 0.54410 0.52067
ind80 2.058 -4.151 -4.16982 0.56253 0.49567
ind81 2.130 -4.091 2.81873 0.43958 0.52080
ind82 2.081 -4.059 -13.27004 0.53324 0.51264
ind83 2.106 -4.175 4.48921 0.45340 0.50434
ind84 2.065 -3.726 2.57871 0.45618 0.55423
ind85 2.099 -4.142 8.60297 0.47865 0.50685
ind86 2.046 -3.941 -6.25504 0.56617 0.51918
ind87 2.116 -3.867 25.91219 0.53580 0.54711
ind88 2.033 -3.611 5.77463 0.51305 0.56308
ind89 2.125 -4.013 2.79724 0.44517 0.52943
ind90 2.102 -4.403 -2.48934 0.59083 0.47750
ind91 2.064 -4.133 2.88015 0.42554 0.49932
ind92 2.074 -4.008 2.46606 0.42772 0.51748
ind93 2.096 -4.019 15.14623 0.50413 0.52149
ind94 2.092 -3.906 4.62141 0.48002 0.53566
ind95 2.140 -3.997 2.61419 0.44442 0.53545
ind96 2.144 -3.967 9.39569 0.51114 0.54054
ind97 2.092 -4.766 -1.72065 0.58939 0.43901
ind98 2.101 -3.695 3.52630 0.48972 0.56870
ind99 2.097 -4.103 2.21813 0.41539 0.51111
ind100 2.072 -3.928 12.76568 0.50665 0.52759
ind101 2.125 -4.155 3.24271 0.44182 0.51151
ind102 2.069 -4.268 3.93502 0.43171 0.48491
ind103 2.101 -3.704 2.53323 0.46345 0.56723
ind104 2.039 -3.876 6.14332 0.48469 0.52620
ind105 2.085 -3.861 2.69159 0.44986 0.54013
ind106 2.104 -3.389 1.82011 0.46298 0.62092
ind107 2.099 -3.932 5.73351 0.48839 0.53387
ind108 2.112 -4.237 3.51532 0.43656 0.49846
ind109 2.079 -4.053 3.66770 0.45002 0.51296
ind110 2.086 -3.729 2.12302 0.44268 0.55930
ind111 2.062 -3.955 9.80601 0.49502 0.52134
ind112 2.121 -3.670 2.66188 0.47478 0.57785
ind113 2.095 -3.618 2.72773 0.47768 0.57909
ind114 2.072 -4.560 60.57216 0.45096 0.45434
ind115 2.050 -4.231 -2.49482 0.60117 0.48443
ind116 2.155 -4.194 9.77173 0.48814 0.51381
ind117 2.080 -4.527 -2.11273 0.58731 0.45956
ind118 2.059 -4.730 -1.56141 0.60342 0.43523
ind119 2.116 -4.186 5.15184 0.46029 0.50545
ind120 2.118 -4.717 -2.51148 0.54665 0.44894
ind121 2.087 -4.190 2.14967 0.40446 0.49819
ind122 2.017 -4.365 -2.00228 0.60076 0.46211
ind123 2.064 -3.886 3.87523 0.46716 0.53120
ind124 2.047 -3.815 12.74618 0.51480 0.53647
ind125 2.079 -4.314 -2.38111 0.60425 0.48195
ind126 2.028 -4.041 -7.09397 0.54013 0.50191
ind127 2.039 -3.423 3.34848 0.50564 0.59557
ind128 2.135 -3.665 2.26153 0.46320 0.58251
ind129 2.103 -4.038 15.73768 0.50418 0.52087
ind130 2.161 -3.898 28.56727 0.54385 0.55440
ind131 2.095 -3.652 4.55200 0.50936 0.57354
ind132 2.118 -4.024 2.79486 0.44294 0.52636
ind133 2.116 -3.999 6.84512 0.49103 0.52898
ind134 2.100 -3.864 2.34809 0.44132 0.54346
ind135 2.124 -4.775 17.50564 0.43371 0.44473
ind136 2.042 -4.722 -2.08899 0.54531 0.43243
ind137 2.027 -4.564 -2.79398 0.52802 0.44409
ind138 2.104 -3.858 2.39903 0.44443 0.54548
ind139 2.130 -4.234 5.82470 0.46316 0.50317
ind140 2.062 -3.922 3.04528 0.44830 0.52569
ind141 2.098 -4.229 3.40052 0.43287 0.49601
ind142 2.054 -3.942 -8.44750 0.55524 0.52099
ind143 2.099 -3.605 2.37591 0.46760 0.58218
ind144 2.119 -4.364 3.11549 0.42003 0.48548
ind145 2.067 -3.616 1.82090 0.43502 0.57156
ind146 2.072 -3.820 4.02738 0.47809 0.54249
ind147 2.083 -4.038 7.52654 0.48274 0.51583
ind148 2.120 -3.980 2.75196 0.44628 0.53266
ind149 2.104 -4.417 74.91600 0.47336 0.47637
ind150 2.050 -5.005 -1.53114 0.55909 0.40955
ind151 2.042 -4.102 -3.85013 0.57155 0.49767
ind152 2.031 -4.916 -1.46483 0.57539 0.41312
ind153 2.125 -3.914 2.31658 0.43977 0.54282
ind154 2.097 -4.422 7.02276 0.44422 0.47421
ind155 2.112 -3.663 1.71803 0.43166 0.57650
ind156 2.110 -4.284 3.00901 0.42330 0.49260
ind157 2.082 -4.510 6.61810 0.43148 0.46157
ind158 2.091 -4.614 -2.35229 0.56131 0.45317
ind159 1.990 -4.383 -2.31377 0.56478 0.45397
ind160 2.107 -4.244 5.25772 0.45362 0.49645
ind161 2.084 -4.272 -4.60394 0.54556 0.48776
ind162 2.082 -3.531 2.30686 0.46963 0.58967
ind163 2.106 -4.097 3.30674 0.44486 0.51401
ind164 2.087 -3.452 2.68996 0.49365 0.60461
ind165 2.070 -3.660 2.26366 0.45257 0.56566
ind166 2.032 -4.831 -1.36503 0.60809 0.42068
ind167 2.108 -4.399 -4.53534 0.53593 0.47929
ind168 2.086 -4.172 -8.88667 0.52995 0.50012
ind169 2.132 -3.898 3.46697 0.47245 0.54699
ind170 2.117 -3.998 -16.14643 0.54756 0.52960
ind171 2.063 -4.263 2.91315 0.41502 0.48396
ind172 2.143 -4.535 6.28583 0.43953 0.47257
ind173 2.133 -4.067 2.79349 0.44152 0.52440
ind174 2.168 -3.999 2.38793 0.44177 0.54205
ind175 2.049 -3.466 1.95434 0.45385 0.59112
ind176 2.083 -4.096 3.92241 0.45009 0.50844
ind177 2.116 -3.918 2.43118 0.44183 0.53996
ind178 2.094 -3.652 1.58714 0.42121 0.57338
ind179 2.103 -4.447 3.65820 0.41878 0.47292
ind180 2.076 -3.703 2.31011 0.45117 0.56067
ind181 2.036 -3.664 8.16678 0.52034 0.55574
ind182 2.069 -4.048 10.45160 0.48727 0.51110
ind183 2.073 -3.768 2.95526 0.46393 0.55032
ind184 2.117 -4.265 3.48096 0.43436 0.49629
ind185 2.122 -3.929 2.95782 0.45682 0.54026
ind186 2.048 -4.082 -16.17222 0.51769 0.50163
ind187 2.093 -4.624 -2.37587 0.55920 0.45266
ind188 2.095 -4.037 3.03886 0.44323 0.51891
ind189 2.130 -4.060 5.79842 0.48111 0.52464
ind190 2.084 -4.234 8.30115 0.46458 0.49213
ind191 2.088 -4.261 -2.91145 0.58901 0.48990
ind192 2.104 -4.419 -2.91574 0.56917 0.47621
ind193 2.117 -3.945 3.78459 0.46985 0.53645
ind194 2.128 -3.910 2.50001 0.44700 0.54432
ind195 2.084 -3.989 2.20227 0.42227 0.52245
ind196 2.064 -4.035 6.49138 0.47411 0.51147
ind197 2.072 -4.119 2.74989 0.42522 0.50300
ind198 2.063 -4.512 -2.92403 0.54189 0.45717
ind199 2.075 -4.317 5.48822 0.44200 0.48072
ind200 2.102 -4.121 3.68410 0.44815 0.51021
ind201 2.090 -4.316 4.67911 0.43890 0.48433
ind202 2.120 -4.144 4.78717 0.46213 0.51151
ind203 2.080 -4.467 7.95121 0.43981 0.46556
ind204 2.096 -3.717 4.68158 0.50326 0.56388
ind205 2.090 -4.471 4.26707 0.42135 0.46751
ind206 2.091 -4.489 -2.17963 0.59235 0.46577
ind207 2.099 -4.749 -2.17184 0.55509 0.44210
ind208 2.045 -4.926 -1.68917 0.55024 0.41504
ind209 2.074 -4.085 -7.07724 0.54700 0.50775
ind210 2.061 -3.663 3.07429 0.47559 0.56263
ind211 2.102 -3.624 5.30898 0.52299 0.58013
ind212 2.124 -3.910 16.45769 0.52589 0.54325
ind213 2.116 -4.940 -1.63638 0.58014 0.42830
ind214 2.100 -3.863 2.04707 0.42961 0.54372
ind215 2.106 -4.217 5.31131 0.45657 0.49950
ind216 2.034 -4.135 6.53169 0.45746 0.49191
ind217 2.077 -4.319 -2.12666 0.62135 0.48086
ind218 2.075 -4.295 -2.87910 0.58039 0.48302
ind219 2.094 -3.534 3.10349 0.49753 0.59252
ind220 2.116 -4.384 -3.65345 0.55612 0.48265
ind221 2.092 -3.963 371.39214 0.52707 0.52782
ind222 2.105 -4.185 3.23558 0.43527 0.50293
ind223 2.109 -4.555 -2.42448 0.57222 0.46295
ind224 2.073 -3.300 2.88373 0.51582 0.62819
ind225 2.088 -4.049 17.12959 0.50070 0.51577
ind226 2.045 -4.151 -3.59665 0.57072 0.49256
ind227 2.074 -4.438 -2.90881 0.55694 0.46744
ind228 2.094 -3.718 1.59369 0.41619 0.56330
ind229 2.120 -4.154 2.53432 0.42477 0.51030
ind230 2.101 -4.536 4.35126 0.41863 0.46320
ind231 2.108 -3.953 1.93620 0.41816 0.53334
ind232 2.086 -4.516 -2.81950 0.55225 0.46180
ind233 2.078 -4.165 -26.24748 0.50843 0.49877
ind234 2.030 -4.104 -3.28134 0.58241 0.49462
ind235 2.140 -4.071 2.55820 0.43601 0.52559
ind236 2.128 -3.582 8.03348 0.55315 0.59405
ind237 2.161 -3.663 2.11604 0.46132 0.58993
ind238 2.113 -3.969 1.89104 0.41535 0.53226
ind239 2.100 -4.480 6.54195 0.43730 0.46863
ind240 2.050 -5.033 -1.40658 0.57318 0.40723
ind241 2.103 -4.702 -2.17436 0.56289 0.44713
ind242 2.079 -4.114 5.70135 0.46429 0.50545
ind243 2.097 -3.999 -11.32244 0.55000 0.52452
ind244 2.059 -4.491 -3.20172 0.53497 0.45838
ind245 2.087 -3.943 2.66060 0.44152 0.52937
ind246 2.118 -4.293 4.64469 0.44594 0.49330
ind247 2.067 -4.174 4.38334 0.44500 0.49528
ind248 2.093 -3.975 2.69543 0.44058 0.52667
ind249 2.078 -4.517 4.20637 0.41481 0.46019
ind250 2.168 -4.376 4.34477 0.44479 0.49551
ind251 2.081 -4.348 7.26957 0.44898 0.47854
ind252 2.112 -3.949 2.78280 0.44869 0.53494
ind253 2.037 -3.664 4.74968 0.49776 0.55603
ind254 2.109 -4.047 3.44394 0.45266 0.52116
ind255 2.074 -4.947 -1.39439 0.59956 0.41928
ind256 2.136 -3.780 2.32476 0.45456 0.56504
ind257 2.082 -4.587 -1.88927 0.59763 0.45401
ind258 2.102 -3.727 1.77031 0.42771 0.56396
ind259 2.120 -3.905 -7.08462 0.58805 0.54298
ind260 2.068 -4.560 -1.75352 0.61189 0.45361
ind261 2.078 -4.309 -3.44274 0.56071 0.48218
ind262 2.085 -3.863 4.63389 0.48343 0.53974
ind263 2.116 -3.889 2.37239 0.44264 0.54417
ind264 2.074 -4.146 -9.67863 0.52750 0.50024
ind265 2.038 -4.166 -3.69731 0.56387 0.48925
ind266 2.057 -3.994 -4.94958 0.57494 0.51511
ind267 2.138 -3.904 3.57558 0.47494 0.54769
ind268 2.084 -4.227 -15.81420 0.50885 0.49299
ind269 2.076 -3.527 2.06206 0.45793 0.58866
ind270 2.151 -3.906 2.27988 0.44358 0.55072
ind271 2.096 -3.869 2.37649 0.44116 0.54172
ind272 2.049 -4.260 -3.58499 0.55555 0.48101
ind273 2.074 -3.607 1.37589 0.40556 0.57508
ind274 2.058 -4.048 3.26715 0.43999 0.50846
ind275 2.094 -5.325 -1.32732 0.55885 0.39327
ind276 2.098 -3.873 11.96470 0.51833 0.54180
ind277 2.061 -4.043 -3.05177 0.61183 0.50965
ind278 2.103 -3.385 1.95223 0.47126 0.62122
ind279 2.060 -3.825 2.14421 0.43048 0.53862
ind280 2.141 -3.905 4.88801 0.49296 0.54825
ind281 2.139 -4.696 9.47229 0.43462 0.45552
ind282 2.031 -4.116 3.95214 0.43863 0.49339
ind283 2.102 -4.022 2.79166 0.44016 0.52255
ind284 2.077 -4.893 -1.67683 0.56829 0.42444
ind285 2.101 -4.513 -3.83132 0.52985 0.46547
ind286 2.085 -3.608 1.72320 0.43273 0.57784
ind287 2.142 -3.767 2.49102 0.46292 0.56858
ind288 2.134 -3.618 1.69299 0.43736 0.58969
ind289 2.141 -3.760 2.66146 0.46899 0.56931
ind290 2.134 -3.584 1.36936 0.41506 0.59559
ind291 2.035 -4.681 -1.84018 0.56913 0.43469
ind292 2.087 -4.011 2.28324 0.42374 0.52031
ind293 2.094 -4.128 4.52821 0.45610 0.50718
ind294 2.079 -4.303 -9.29088 0.50977 0.48325
ind295 2.073 -4.486 -3.28083 0.53771 0.46200
ind296 2.160 -4.350 2.53590 0.41528 0.49661
ind297 2.046 -4.503 -2.70315 0.54615 0.45435
ind298 2.053 -4.254 -5.63104 0.52788 0.48264
ind299 2.139 -3.839 2.68822 0.46152 0.55718
ind300 2.070 -3.862 -2782.89082 0.53614 0.53604
ind301 2.101 -3.897 1.94193 0.42195 0.53908
ind302 2.112 -4.425 -2.31504 0.60124 0.47728
ind303 2.100 -3.771 2.17515 0.44337 0.55688
ind304 2.056 -3.893 -6.56841 0.57442 0.52823
ind305 2.099 -4.790 -1.62250 0.60027 0.43816
ind306 2.097 -4.460 -2.33500 0.58869 0.47015
ind307 2.046 -4.121 -18.54595 0.51001 0.49636
ind308 2.175 -4.263 6.75523 0.47448 0.51032
ind309 2.119 -4.307 3.14365 0.42553 0.49214
ind310 2.092 -3.916 3.06170 0.45491 0.53430
ind311 2.087 -4.124 2.53330 0.42185 0.50613
ind312 2.078 -4.231 -2.98175 0.58781 0.49102
ind313 2.091 -4.914 -1.49665 0.59449 0.42548
ind314 2.022 -4.397 -2.14240 0.58557 0.45987
ind315 2.086 -4.180 4.73657 0.45141 0.49897
ind316 2.115 -3.647 1.79540 0.43838 0.57999
ind317 2.089 -4.836 -1.82846 0.56566 0.43201
ind318 2.092 -4.224 3.10662 0.42713 0.49521
ind319 2.078 -4.179 6.45185 0.46155 0.49712
ind320 2.083 -4.333 11.42539 0.46141 0.48083
ind321 2.137 -4.228 3.66159 0.44411 0.50542
ind322 2.086 -4.056 -4.46677 0.58116 0.51425
ind323 2.116 -3.899 2.72200 0.45243 0.54262
ind324 2.106 -4.263 3.44433 0.43205 0.49401
ind325 2.117 -4.235 2.86217 0.42562 0.49997
ind326 2.122 -3.746 1.65378 0.42196 0.56650
ind327 2.124 -4.395 2.39131 0.40204 0.48329
ind328 2.036 -4.539 -1.94490 0.58307 0.44859
ind329 2.085 -4.156 -4.75222 0.56090 0.50169
ind330 2.061 -4.730 -1.55960 0.60463 0.43571
ind331 2.089 -4.734 -2.10049 0.55873 0.44134
ind332 2.065 -4.811 -1.91743 0.55296 0.42919
ind333 2.035 -4.652 -2.58275 0.52657 0.43739
ind334 2.086 -5.540 -1.17777 0.55364 0.37661
ind335 2.123 -3.407 2.58138 0.50199 0.62318
ind336 2.104 -3.801 11.20283 0.52743 0.55349
ind337 2.123 -4.467 5.86603 0.43968 0.47530
ind338 2.132 -3.774 2.48756 0.46032 0.56484
ind339 2.068 -3.273 1.84850 0.47095 0.63195
ind340 2.047 -4.804 -1.70959 0.56742 0.42602
ind341 2.119 -3.740 2.19437 0.45033 0.56662
ind342 2.067 -4.808 -1.65179 0.58132 0.42999
ind343 2.087 -4.515 -4.03255 0.52210 0.46225
ind344 2.068 -4.028 -6.86647 0.55503 0.51352
ind345 2.157 -3.836 3.55496 0.48547 0.56225
ind346 2.069 -4.447 5.43214 0.42848 0.46517
ind347 2.084 -3.718 1.99989 0.43782 0.56053
ind348 2.120 -4.191 2.93899 0.43153 0.50579
ind349 2.066 -4.794 -1.63710 0.58484 0.43090
ind350 2.120 -3.927 5.87297 0.49451 0.53998
