Index 	dummyvar1 	dummyvar2 	AEROD_V	std	FNET 	std	QRS	std	QRL	std	SWCF	std	LWCF	std	CLDH	std	CLDM	std	CLDL	std	FSNT	std	FLNT	std	SHFLX	std	LHFLX	std	D3	D4	PRECT	std
ind1 -9999 -9999 0.077 0.000 -3.317 0.202 0.038 0.002 -0.012 0.006 -4.12 0.47 0.74 0.26 -0.05 0.05 0.56 0.28 3.08 0.18 -5.095 0.381 -1.777 0.301 -0.284 0.206 -2.255 0.189 -9999 -9999 -0.14 0.02
ind2 -9999 -9999 0.079 0.000 -2.281 0.220 0.023 0.002 -0.010 0.004 -1.09 0.12 -0.93 0.10 -1.17 0.22 -0.91 0.11 1.52 0.10 -2.648 0.082 -0.366 0.168 -0.488 0.092 -0.479 0.151 -9999 -9999 -0.07 0.00
ind3 -9999 -9999 0.060 0.000 -1.491 0.298 0.025 0.002 -0.015 0.006 -0.95 0.29 -0.59 0.12 -0.85 0.05 -0.68 0.13 2.21 0.15 -2.079 0.303 -0.588 0.153 0.365 0.215 -0.811 0.314 -9999 -9999 -0.07 0.03
ind4 -9999 -9999 0.069 0.000 5.619 0.440 0.030 0.002 0.004 0.005 7.09 0.27 -2.02 0.13 -2.25 0.15 -1.94 0.15 -1.24 0.21 6.543 0.329 0.924 0.245 -0.552 0.155 -3.022 0.200 -9999 -9999 -0.18 0.02
ind5 -9999 -9999 0.084 0.000 6.392 0.172 0.021 0.002 0.001 0.005 9.80 0.14 -2.86 0.05 -2.46 0.23 -2.15 0.16 -1.66 0.05 8.390 0.161 1.997 0.035 -2.095 0.097 -0.418 0.164 -9999 -9999 -0.04 0.01
ind6 -9999 -9999 0.057 0.000 6.666 0.069 0.030 0.002 0.009 0.005 7.56 0.28 -1.73 0.14 -1.46 0.10 -1.53 0.14 -1.48 0.08 7.450 0.162 0.784 0.173 -1.907 0.101 -2.762 0.138 -9999 -9999 -0.17 0.01
ind7 -9999 -9999 0.063 0.000 -3.211 0.228 0.039 0.001 -0.031 0.004 -2.30 0.29 -1.51 0.13 -2.07 0.07 -1.79 0.11 4.28 0.23 -3.022 0.290 0.190 0.068 -0.923 0.050 0.563 0.142 -9999 -9999 -0.00 0.02
ind8 -9999 -9999 0.085 0.000 2.026 0.204 0.011 0.002 0.011 0.006 4.33 0.24 -1.26 0.10 -0.83 0.06 -0.45 0.13 -1.34 0.04 2.454 0.254 0.428 0.088 -1.844 0.111 -0.714 0.138 -9999 -9999 -0.07 0.02
ind9 -9999 -9999 0.098 0.000 -0.336 0.242 0.023 0.002 -0.015 0.004 2.31 0.29 -1.82 0.08 -2.11 0.10 -1.78 0.12 1.21 0.13 0.219 0.240 0.555 0.052 -0.347 0.011 0.058 0.126 -9999 -9999 -0.03 0.01
ind10 -9999 -9999 0.074 0.000 2.285 0.341 0.023 0.002 0.008 0.005 2.55 0.18 0.02 0.14 0.26 0.13 0.49 0.10 -0.11 0.15 1.387 0.186 -0.897 0.227 -1.550 0.163 -2.197 0.145 -9999 -9999 -0.15 0.02
ind11 -9999 -9999 0.082 0.000 -9.246 0.368 0.027 0.002 -0.035 0.006 -8.72 0.26 0.16 0.06 -0.71 0.16 -0.51 0.07 6.90 0.21 -10.793 0.197 -1.547 0.177 0.029 0.084 1.568 0.225 -9999 -9999 0.04 0.02
ind12 -9999 -9999 0.054 0.000 -4.357 0.192 0.023 0.002 -0.022 0.005 -3.26 0.44 -1.96 0.18 -3.17 0.08 -2.67 0.26 3.39 0.23 -4.202 0.348 0.155 0.177 -0.423 0.175 0.776 0.277 -9999 -9999 -0.00 0.03
ind13 -9999 -9999 0.106 0.000 -6.264 0.114 0.052 0.002 -0.039 0.006 -4.80 0.31 -1.32 0.18 -1.95 0.23 -1.75 0.14 5.11 0.22 -6.284 0.264 -0.020 0.283 -0.337 0.174 -0.357 0.220 -9999 -9999 -0.05 0.01
ind14 -9999 -9999 0.071 0.000 -5.993 0.364 0.034 0.002 -0.025 0.006 -6.47 0.33 0.48 0.06 -0.73 0.18 -0.21 0.11 5.33 0.11 -7.757 0.335 -1.764 0.044 0.395 0.061 -0.778 0.173 -9999 -9999 -0.06 0.01
ind15 -9999 -9999 0.061 0.000 0.167 0.134 0.034 0.002 -0.015 0.004 1.98 0.23 -3.35 0.12 -4.23 0.11 -4.08 0.13 1.12 0.12 1.500 0.183 1.332 0.224 -0.508 0.159 -1.289 0.180 -9999 -9999 -0.09 0.02
ind16 -9999 -9999 0.108 0.000 -4.184 0.421 0.026 0.002 -0.018 0.006 -1.29 0.29 -2.22 0.08 -2.53 0.21 -2.12 0.05 1.92 0.21 -3.455 0.219 0.729 0.204 -1.282 0.051 0.725 0.363 -9999 -9999 -0.01 0.02
ind17 -9999 -9999 0.060 0.000 -4.802 0.399 0.033 0.002 -0.007 0.005 -5.65 0.22 -0.01 0.14 -0.69 0.26 -0.07 0.20 1.97 0.14 -6.169 0.262 -1.368 0.168 -1.072 0.077 -1.815 0.189 -9999 -9999 -0.13 0.03
ind18 -9999 -9999 0.076 0.000 -10.562 0.273 0.045 0.002 -0.041 0.005 -10.54 0.28 -0.45 0.10 -1.42 0.14 -0.72 0.16 6.29 0.09 -11.408 0.246 -0.846 0.116 -0.185 0.087 0.481 0.104 -9999 -9999 -0.00 0.01
ind19 -9999 -9999 0.052 0.000 -9.483 0.150 0.021 0.002 -0.035 0.005 -9.53 0.12 -0.67 0.15 -2.67 0.20 -2.24 0.22 6.94 0.04 -10.859 0.083 -1.376 0.226 1.154 0.149 1.040 0.172 -9999 -9999 0.02 0.02
ind20 -9999 -9999 0.089 0.000 8.145 0.103 0.017 0.002 0.014 0.005 10.61 0.34 -1.92 0.18 -1.85 0.05 -2.15 0.30 -1.89 0.16 8.866 0.264 0.722 0.196 -0.134 0.156 -3.080 0.291 -9999 -9999 -0.17 0.01
ind21 -9999 -9999 0.057 0.000 3.440 0.302 0.032 0.002 0.001 0.005 4.38 0.36 -1.36 0.11 -0.75 0.07 -0.44 0.06 -0.82 0.15 4.305 0.416 0.865 0.126 -2.373 0.123 -1.422 0.320 -9999 -9999 -0.10 0.03
ind22 -9999 -9999 0.104 0.000 0.759 0.271 0.033 0.002 -0.002 0.005 2.98 0.37 -2.10 0.16 -2.68 0.29 -2.38 0.06 -0.41 0.25 1.400 0.268 0.641 0.177 -0.488 0.106 -2.688 0.249 -9999 -9999 -0.15 0.01
ind23 -9999 -9999 0.050 0.000 0.010 0.100 0.035 0.002 0.002 0.005 -1.43 0.21 0.59 0.10 0.61 0.13 0.95 0.14 0.68 0.11 -1.396 0.085 -1.407 0.084 -1.753 0.065 -2.840 0.189 -9999 -9999 -0.17 0.01
ind24 -9999 -9999 0.052 0.000 -11.120 0.148 0.038 0.002 -0.045 0.005 -10.49 0.21 -2.24 0.09 -4.30 0.15 -3.82 0.13 7.21 0.21 -11.147 0.162 -0.027 0.055 0.191 0.122 1.127 0.375 -9999 -9999 0.03 0.02
ind25 -9999 -9999 0.051 0.000 -8.723 0.167 0.019 0.002 -0.017 0.004 -9.53 0.08 0.71 0.08 -0.08 0.08 0.51 0.09 4.45 0.01 -10.761 0.113 -2.038 0.055 -0.083 0.070 0.347 0.043 -9999 -9999 -0.03 0.01
ind26 -9999 -9999 0.063 0.000 -16.565 0.168 0.033 0.001 -0.042 0.004 -17.64 0.25 1.16 0.11 0.06 0.05 1.05 0.17 8.37 0.12 -18.953 0.224 -2.388 0.063 0.239 0.077 1.446 0.123 -9999 -9999 0.05 0.02
ind27 -9999 -9999 0.069 0.000 6.116 0.328 0.007 0.001 0.007 0.004 9.48 0.29 -3.72 0.08 -3.96 0.15 -4.03 0.16 -1.70 0.13 8.036 0.288 1.920 0.047 0.283 0.083 -1.562 0.192 -9999 -9999 -0.10 0.02
ind28 -9999 -9999 0.083 0.000 0.073 0.218 0.047 0.001 -0.022 0.005 0.53 0.24 -0.81 0.15 -1.67 0.07 -1.24 0.17 2.83 0.16 -0.237 0.285 -0.311 0.154 0.059 0.114 -2.192 0.217 -9999 -9999 -0.13 0.02
ind29 -9999 -9999 0.064 0.000 6.438 0.143 0.020 0.002 -0.001 0.005 9.70 0.12 -3.92 0.11 -3.90 0.20 -3.52 0.08 -1.72 0.09 8.915 0.173 2.477 0.092 -1.059 0.034 -0.769 0.101 -9999 -9999 -0.07 0.02
ind30 -9999 -9999 0.092 0.000 -4.826 0.079 0.048 0.001 -0.031 0.004 -4.08 0.21 -1.24 0.13 -2.39 0.03 -2.70 0.15 4.51 0.15 -5.227 0.150 -0.401 0.086 -0.134 0.065 -1.411 0.219 -9999 -9999 -0.08 0.02
ind31 -9999 -9999 0.088 0.000 -4.302 0.293 0.023 0.002 -0.002 0.005 -3.67 0.28 -0.30 0.17 -0.80 0.19 -0.43 0.18 1.34 0.17 -5.461 0.319 -1.160 0.235 -0.831 0.128 -1.479 0.149 -9999 -9999 -0.11 0.01
ind32 -9999 -9999 0.041 0.000 2.885 0.314 0.013 0.002 0.011 0.005 4.10 0.27 -1.78 0.06 -0.86 0.20 -0.63 0.08 -1.98 0.26 3.823 0.239 0.938 0.084 -2.252 0.210 -0.526 0.425 -9999 -9999 -0.07 0.03
ind33 -9999 -9999 0.072 0.000 -14.247 0.235 0.032 0.002 -0.035 0.006 -14.32 0.43 -0.30 0.25 -2.06 0.18 -1.33 0.26 6.55 0.26 -15.782 0.408 -1.535 0.173 0.838 0.114 0.200 0.179 -9999 -9999 -0.02 0.01
ind34 -9999 -9999 0.035 0.000 -0.017 0.171 0.037 0.002 -0.004 0.005 -1.70 0.32 0.12 0.14 -0.39 0.07 -0.15 0.21 1.44 0.15 -1.304 0.255 -1.287 0.134 -0.499 0.163 -2.989 0.351 -9999 -9999 -0.17 0.02
ind35 -9999 -9999 0.070 0.000 -4.626 0.068 0.037 0.002 -0.027 0.005 -3.62 0.22 -1.61 0.13 -2.80 0.10 -2.60 0.20 3.95 0.11 -4.507 0.186 0.119 0.201 -0.686 0.140 -0.223 0.223 -9999 -9999 -0.04 0.02
ind36 -9999 -9999 0.092 0.000 -6.490 0.217 0.044 0.002 -0.047 0.005 -4.73 0.33 -2.43 0.18 -4.65 0.03 -4.54 0.26 7.30 0.28 -6.313 0.340 0.177 0.161 1.709 0.172 -0.502 0.273 -9999 -9999 -0.04 0.02
ind37 -9999 -9999 0.090 0.000 -0.671 0.257 0.033 0.001 -0.031 0.004 2.39 0.12 -3.31 0.07 -4.71 0.14 -4.45 0.06 3.35 0.03 0.682 0.142 1.353 0.141 1.031 0.083 -0.302 0.062 -9999 -9999 -0.03 0.01
ind38 -9999 -9999 0.057 0.000 6.760 0.329 0.022 0.002 0.015 0.007 7.51 0.24 -0.82 0.03 -0.13 0.15 0.19 0.07 -1.69 0.18 7.022 0.263 0.261 0.099 -2.234 0.232 -2.149 0.422 -9999 -9999 -0.13 0.04
ind39 -9999 -9999 0.103 0.000 -0.481 0.157 0.020 0.002 -0.002 0.005 3.65 0.29 -3.32 0.10 -2.94 0.10 -2.28 0.20 -1.52 0.22 1.657 0.234 2.138 0.138 -2.183 0.131 0.250 0.368 -9999 -9999 -0.01 0.02
ind40 -9999 -9999 0.044 0.000 -5.614 0.156 0.032 0.001 -0.037 0.004 -5.08 0.08 -1.77 0.09 -3.61 0.14 -3.19 0.10 5.94 0.08 -5.724 0.070 -0.110 0.119 1.570 0.114 -0.026 0.207 -9999 -9999 -0.03 0.01
ind41 -9999 -9999 0.088 0.000 6.133 0.237 0.020 0.002 0.011 0.006 10.00 0.24 -4.23 0.09 -3.96 0.05 -3.58 0.07 -3.21 0.18 8.783 0.268 2.650 0.063 -1.460 0.170 -1.877 0.352 -9999 -9999 -0.12 0.02
ind42 -9999 -9999 0.075 0.000 -0.167 0.072 0.019 0.001 -0.017 0.004 2.31 0.14 -2.56 0.12 -3.55 0.03 -3.45 0.16 2.03 0.14 0.599 0.143 0.766 0.092 -0.225 0.107 0.326 0.256 -9999 -9999 -0.01 0.02
ind43 -9999 -9999 0.057 0.000 -1.274 0.108 0.027 0.002 -0.009 0.005 -0.57 0.28 -1.01 0.14 -0.86 0.03 -0.40 0.14 0.37 0.14 -1.267 0.217 0.006 0.121 -0.703 0.128 -0.899 0.205 -9999 -9999 -0.08 0.02
ind44 -9999 -9999 0.037 0.000 0.740 0.287 0.028 0.002 0.000 0.005 0.03 0.39 -0.56 0.18 -1.29 0.08 -0.86 0.21 0.45 0.18 0.136 0.338 -0.604 0.227 0.097 0.119 -2.879 0.150 -9999 -9999 -0.17 0.01
ind45 -9999 -9999 0.049 0.000 9.289 0.165 0.016 0.001 -0.001 0.005 12.83 0.20 -4.60 0.18 -4.95 0.23 -4.58 0.13 -1.93 0.18 12.350 0.164 3.061 0.223 -0.928 0.100 -0.602 0.043 -9999 -9999 -0.06 0.01
ind46 -9999 -9999 0.040 0.000 -6.050 0.163 0.056 0.002 -0.045 0.005 -7.92 0.21 -0.03 0.17 -1.64 0.10 -1.48 0.16 8.36 0.11 -7.527 0.160 -1.477 0.242 -0.076 0.218 -0.679 0.266 -9999 -9999 -0.06 0.03
ind47 -9999 -9999 0.042 0.000 4.875 0.090 0.031 0.002 -0.015 0.004 6.64 0.25 -3.00 0.17 -2.95 0.15 -2.82 0.16 0.22 0.16 6.907 0.255 2.031 0.183 -1.128 0.031 -0.281 0.152 -9999 -9999 -0.06 0.01
ind48 -9999 -9999 0.082 0.000 -3.195 0.152 0.053 0.001 -0.033 0.004 -2.49 0.09 -1.10 0.11 -1.98 0.14 -1.66 0.09 4.36 0.03 -3.231 0.047 -0.036 0.106 -0.349 0.059 -1.137 0.121 -9999 -9999 -0.08 0.01
ind49 -9999 -9999 0.099 0.000 -3.367 0.329 0.022 0.002 -0.021 0.006 0.78 0.37 -3.83 0.13 -5.15 0.18 -4.39 0.05 1.73 0.22 -1.402 0.344 1.965 0.106 -0.687 0.207 1.004 0.331 -9999 -9999 0.01 0.02
ind50 -9999 -9999 0.074 0.000 -18.456 0.081 0.048 0.002 -0.048 0.005 -19.85 0.20 1.21 0.14 -0.06 0.16 0.77 0.15 9.54 0.17 -20.914 0.157 -2.458 0.181 -0.320 0.038 1.031 0.141 -9999 -9999 0.03 0.02
ind51 -9999 -9999 0.094 0.000 0.227 0.163 0.027 0.002 -0.014 0.007 2.50 0.09 -1.50 0.04 -0.98 0.23 -0.85 0.10 1.02 0.17 0.797 0.082 0.570 0.163 -1.383 0.110 0.319 0.375 -9999 -9999 -0.02 0.03
ind52 -9999 -9999 0.041 0.000 3.607 0.190 0.021 0.001 0.001 0.005 3.63 0.19 -0.83 0.17 -1.01 0.03 -1.05 0.17 0.43 0.13 3.312 0.253 -0.295 0.206 -0.649 0.087 -1.670 0.069 -9999 -9999 -0.11 0.01
ind53 -9999 -9999 0.068 0.000 6.720 0.280 0.016 0.002 0.010 0.006 8.35 0.31 -1.20 0.08 -0.40 0.15 -0.18 0.15 -1.67 0.10 7.286 0.300 0.565 0.198 -1.028 0.118 -1.739 0.398 -9999 -9999 -0.12 0.02
ind54 -9999 -9999 0.067 0.000 1.132 0.146 0.037 0.001 -0.022 0.004 3.72 0.04 -2.93 0.04 -2.74 0.11 -2.34 0.07 0.85 0.09 3.386 0.006 2.254 0.148 -1.853 0.023 0.442 0.086 -9999 -9999 -0.00 0.00
ind55 -9999 -9999 0.068 0.000 -4.450 0.268 0.026 0.002 -0.022 0.005 -3.63 0.35 -1.21 0.10 -2.52 0.12 -2.07 0.19 3.58 0.13 -4.935 0.320 -0.485 0.072 1.048 0.107 -0.731 0.301 -9999 -9999 -0.06 0.02
ind56 -9999 -9999 0.111 0.000 -5.851 0.287 0.051 0.001 -0.039 0.005 -5.29 0.11 -0.06 0.07 -1.25 0.26 -1.00 0.07 6.98 0.10 -6.975 0.118 -1.124 0.191 -0.185 0.054 -0.477 0.157 -9999 -9999 -0.05 0.01
ind57 -9999 -9999 0.053 0.000 5.731 0.214 0.026 0.001 0.013 0.004 6.92 0.24 -1.35 0.08 -1.26 0.15 -1.73 0.11 -2.53 0.12 6.909 0.236 1.178 0.055 -0.133 0.132 -3.977 0.285 -9999 -9999 -0.18 0.03
ind58 -9999 -9999 0.112 0.000 5.602 0.198 0.037 0.002 0.002 0.005 8.15 0.16 -1.93 0.10 -1.41 0.07 -1.38 0.10 -1.29 0.12 6.725 0.254 1.123 0.125 -2.182 0.133 -2.351 0.280 -9999 -9999 -0.14 0.02
ind59 -9999 -9999 0.046 0.000 -14.925 0.423 0.039 0.002 -0.037 0.007 -18.02 0.32 2.47 0.09 0.67 0.25 1.84 0.05 9.03 0.15 -18.553 0.293 -3.628 0.144 0.375 0.129 -0.160 0.380 -9999 -9999 -0.04 0.03
ind60 -9999 -9999 0.090 0.000 5.045 0.350 0.030 0.002 0.007 0.005 6.86 0.39 -1.31 0.15 -0.33 0.10 -0.26 0.13 -1.67 0.19 5.706 0.397 0.660 0.154 -1.522 0.111 -2.412 0.238 -9999 -9999 -0.14 0.01
ind61 -9999 -9999 0.062 0.000 -5.228 0.188 0.037 0.002 -0.029 0.006 -6.67 0.10 1.68 0.16 0.67 0.22 1.35 0.16 6.61 0.04 -7.649 0.105 -2.420 0.090 0.205 0.189 -0.588 0.163 -9999 -9999 -0.06 0.02
ind62 -9999 -9999 0.026 0.000 4.432 0.219 -0.001 0.002 0.015 0.004 5.54 0.03 -1.51 0.11 -0.51 0.21 -0.28 0.12 -2.10 0.07 5.081 0.073 0.648 0.169 -1.451 0.136 -0.181 0.162 -9999 -9999 -0.07 0.02
ind63 -9999 -9999 0.036 0.000 3.133 0.285 0.014 0.001 0.023 0.004 1.71 0.29 1.06 0.06 1.37 0.04 2.20 0.06 -1.07 0.13 1.484 0.307 -1.649 0.080 -1.707 0.121 -2.936 0.128 -9999 -9999 -0.20 0.02
ind64 -9999 -9999 0.093 0.000 -9.304 0.235 0.043 0.002 -0.044 0.006 -9.40 0.36 0.83 0.12 -0.38 0.17 0.36 0.13 8.63 0.08 -11.226 0.363 -1.922 0.139 0.652 0.182 0.254 0.257 -9999 -9999 -0.02 0.02
ind65 -9999 -9999 0.029 0.000 3.325 0.290 0.030 0.001 -0.005 0.004 2.17 0.27 0.48 0.07 0.69 0.20 0.86 0.09 1.70 0.09 2.438 0.288 -0.887 0.098 -1.294 0.017 -1.388 0.124 -9999 -9999 -0.11 0.01
ind66 -9999 -9999 0.032 0.000 3.190 0.217 0.013 0.002 -0.018 0.005 5.69 0.18 -4.03 0.12 -5.14 0.17 -5.16 0.16 1.35 0.02 5.204 0.117 2.014 0.157 1.702 0.071 -0.328 0.083 -9999 -9999 -0.03 0.01
ind67 -9999 -9999 0.103 0.000 -13.607 0.133 0.045 0.002 -0.043 0.005 -12.47 0.07 -0.98 0.10 -2.19 0.05 -1.75 0.15 6.82 0.02 -14.318 0.113 -0.712 0.079 -0.676 0.025 1.101 0.112 -9999 -9999 0.02 0.01
ind68 -9999 -9999 0.057 0.000 -3.449 0.187 0.042 0.002 -0.028 0.005 -1.07 0.41 -4.15 0.20 -5.34 0.18 -4.36 0.18 1.85 0.29 -1.082 0.318 2.367 0.201 -1.364 0.193 0.153 0.371 -9999 -9999 -0.01 0.02
ind69 -9999 -9999 0.109 0.000 0.456 0.116 0.029 0.001 0.001 0.004 2.64 0.24 -1.21 0.08 -1.48 0.06 -1.85 0.11 -0.44 0.15 0.694 0.177 0.239 0.062 -0.068 0.046 -3.009 0.242 -9999 -9999 -0.15 0.02
ind70 -9999 -9999 0.050 0.000 -6.938 0.216 0.019 0.001 -0.018 0.005 -7.65 0.05 0.73 0.04 -0.26 0.10 -0.36 0.07 4.01 0.08 -8.784 0.127 -1.847 0.115 0.942 0.050 -0.668 0.107 -9999 -9999 -0.05 0.01
ind71 -9999 -9999 0.040 0.000 0.179 0.144 0.023 0.002 0.001 0.005 -0.03 0.26 -0.36 0.12 0.25 0.06 0.60 0.18 -0.32 0.05 -0.221 0.206 -0.400 0.107 -1.065 0.083 -1.353 0.127 -9999 -9999 -0.11 0.01
ind72 -9999 -9999 0.086 0.000 -3.813 0.342 0.027 0.002 -0.014 0.004 -2.72 0.32 -0.92 0.15 -1.78 0.07 -1.47 0.12 2.36 0.11 -4.484 0.355 -0.671 0.143 -0.002 0.102 -0.863 0.095 -9999 -9999 -0.08 0.01
ind73 -9999 -9999 0.087 0.000 -8.585 0.160 0.042 0.002 -0.046 0.006 -6.64 0.23 -2.21 0.15 -3.56 0.15 -3.27 0.06 6.39 0.14 -8.184 0.191 0.402 0.142 0.645 0.132 0.757 0.214 -9999 -9999 0.01 0.01
ind74 -9999 -9999 0.053 0.000 9.693 0.144 0.021 0.002 0.014 0.004 12.32 0.30 -3.89 0.14 -3.71 0.05 -3.65 0.17 -3.10 0.08 12.242 0.289 2.549 0.260 -1.477 0.092 -2.736 0.058 -9999 -9999 -0.16 0.01
ind75 -9999 -9999 0.088 0.000 3.232 0.162 0.047 0.002 -0.010 0.006 3.35 0.18 -0.13 0.22 -0.49 0.10 -0.48 0.19 1.68 0.05 2.526 0.107 -0.706 0.206 -0.705 0.128 -3.108 0.175 -9999 -9999 -0.19 0.01
ind76 -9999 -9999 0.070 0.000 1.455 0.280 0.010 0.002 -0.003 0.006 3.54 0.15 -0.77 0.06 -0.19 0.07 0.16 0.10 0.54 0.07 1.682 0.147 0.227 0.133 -1.370 0.147 0.768 0.280 -9999 -9999 -0.01 0.03
ind77 -9999 -9999 0.038 0.000 7.897 0.261 0.028 0.002 0.012 0.005 9.48 0.25 -2.76 0.13 -1.68 0.13 -1.58 0.08 -2.96 0.13 9.966 0.215 2.069 0.153 -2.604 0.123 -2.015 0.198 -9999 -9999 -0.14 0.02
ind78 -9999 -9999 0.027 0.000 -3.207 0.188 0.005 0.001 -0.021 0.004 -0.87 0.15 -3.48 0.07 -4.60 0.22 -3.87 0.05 2.40 0.08 -1.642 0.178 1.565 0.096 -0.032 0.143 2.323 0.169 -9999 -9999 0.08 0.02
ind79 -9999 -9999 0.056 0.000 -9.594 0.064 0.019 0.002 -0.030 0.004 -8.27 0.20 -2.35 0.04 -4.00 0.05 -3.65 0.10 4.70 0.13 -9.593 0.155 0.001 0.091 0.463 0.079 0.988 0.194 -9999 -9999 0.02 0.02
ind80 -9999 -9999 0.076 0.000 10.564 0.276 0.038 0.002 0.008 0.005 12.63 0.34 -2.75 0.10 -2.75 0.03 -3.16 0.16 -2.23 0.10 12.320 0.297 1.756 0.031 -0.280 0.190 -4.597 0.267 -9999 -9999 -0.23 0.02
ind81 -9999 -9999 0.066 0.000 -15.835 0.095 0.049 0.002 -0.055 0.006 -17.31 0.30 1.26 0.17 -0.03 0.10 0.80 0.22 10.46 0.16 -18.219 0.278 -2.384 0.232 -0.368 0.189 1.628 0.426 -9999 -9999 0.06 0.03
ind82 -9999 -9999 0.049 0.000 2.640 0.205 0.025 0.001 -0.016 0.004 3.85 0.20 -2.28 0.08 -3.27 0.04 -3.35 0.09 1.86 0.17 3.201 0.206 0.561 0.036 0.773 0.064 -1.166 0.251 -9999 -9999 -0.08 0.01
ind83 -9999 -9999 0.084 0.000 -5.808 0.302 0.032 0.002 -0.025 0.005 -4.84 0.27 -0.45 0.07 -0.47 0.09 -0.17 0.15 3.68 0.15 -6.276 0.319 -0.468 0.018 -1.114 0.125 0.700 0.281 -9999 -9999 -0.01 0.01
ind84 -9999 -9999 0.043 0.000 -7.193 0.216 0.032 0.002 -0.027 0.004 -7.19 0.14 -1.52 0.13 -2.86 0.17 -2.34 0.14 3.77 0.01 -7.460 0.175 -0.267 0.132 0.361 0.052 -0.220 0.026 -9999 -9999 -0.03 0.01
ind85 -9999 -9999 0.024 0.000 2.043 0.391 0.032 0.002 -0.012 0.006 1.60 0.30 -0.92 0.13 -0.94 0.17 -0.96 0.16 1.75 0.12 2.070 0.341 0.028 0.151 -0.915 0.122 -0.890 0.102 -9999 -9999 -0.10 0.01
ind86 -9999 -9999 0.101 0.000 13.615 0.237 0.018 0.001 0.016 0.004 18.79 0.18 -4.71 0.11 -4.14 0.13 -4.58 0.20 -3.85 0.10 17.375 0.197 3.760 0.107 -1.141 0.089 -2.859 0.148 -9999 -9999 -0.14 0.01
ind87 -9999 -9999 0.106 0.000 2.887 0.142 0.010 0.002 0.008 0.005 5.93 0.22 -1.99 0.14 -2.25 0.12 -2.22 0.21 -0.76 0.09 3.319 0.221 0.431 0.112 0.031 0.121 -1.720 0.222 -9999 -9999 -0.12 0.02
ind88 -9999 -9999 0.087 0.000 1.707 0.185 0.034 0.002 0.001 0.005 2.52 0.22 -0.54 0.18 -0.54 0.17 -0.11 0.19 0.06 0.11 1.420 0.186 -0.287 0.160 -1.719 0.041 -2.326 0.069 -9999 -9999 -0.16 0.01
ind89 -9999 -9999 0.046 0.000 -11.523 0.320 0.014 0.002 -0.035 0.005 -12.02 0.16 0.51 0.00 -0.38 0.14 0.18 0.01 7.34 0.06 -13.472 0.197 -1.949 0.150 0.016 0.106 2.979 0.161 -9999 -9999 0.11 0.01
ind90 -9999 -9999 0.023 0.000 -4.376 0.128 0.028 0.002 -0.021 0.005 -5.04 0.12 -0.93 0.12 -1.92 0.15 -2.28 0.16 3.27 0.10 -4.850 0.127 -0.475 0.096 0.836 0.110 -1.169 0.081 -9999 -9999 -0.06 0.00
ind91 -9999 -9999 0.038 0.000 -4.252 0.133 0.038 0.002 -0.033 0.005 -2.09 0.22 -4.20 0.09 -5.57 0.03 -4.42 0.04 2.43 0.10 -1.663 0.186 2.588 0.070 -1.400 0.089 1.192 0.137 -9999 -9999 0.03 0.01
ind92 -9999 -9999 0.053 0.000 -0.404 0.488 0.050 0.002 -0.052 0.007 3.00 0.30 -5.12 0.06 -6.61 0.25 -5.30 0.08 4.38 0.17 3.362 0.310 3.766 0.252 -1.089 0.062 1.992 0.367 -9999 -9999 0.09 0.03
ind93 -9999 -9999 0.091 0.000 -4.215 0.047 0.028 0.002 -0.014 0.005 -3.58 0.18 0.61 0.06 0.40 0.09 0.68 0.15 3.52 0.11 -5.501 0.062 -1.286 0.029 -1.217 0.125 -0.249 0.289 -9999 -9999 -0.06 0.01
ind94 -9999 -9999 0.048 0.000 -0.343 0.214 0.044 0.002 -0.015 0.005 -1.48 0.21 0.07 0.07 -0.22 0.12 0.05 0.07 2.70 0.10 -1.250 0.181 -0.907 0.081 -0.862 0.049 -1.934 0.076 -9999 -9999 -0.13 0.00
ind95 -9999 -9999 0.046 0.000 1.486 0.218 0.013 0.002 0.005 0.005 3.04 0.23 -2.16 0.10 -1.72 0.15 -1.43 0.07 -1.35 0.16 2.495 0.136 1.009 0.110 -1.731 0.020 -0.275 0.214 -9999 -9999 -0.06 0.01
ind96 -9999 -9999 0.097 0.000 -12.267 0.199 0.016 0.002 -0.029 0.005 -10.51 0.15 -1.34 0.13 -3.23 0.04 -2.80 0.16 5.70 0.08 -13.371 0.154 -1.104 0.163 1.181 0.120 0.890 0.137 -9999 -9999 0.01 0.01
ind97 -9999 -9999 0.058 0.000 8.371 0.293 -0.003 0.002 0.006 0.005 14.53 0.41 -5.13 0.13 -4.94 0.15 -6.23 0.23 -4.18 0.17 13.226 0.408 4.856 0.114 0.872 0.078 -0.532 0.119 -9999 -9999 0.01 0.01
ind98 -9999 -9999 0.094 0.000 -1.667 0.455 0.009 0.002 0.018 0.005 -0.57 0.28 -0.47 0.18 -0.49 0.29 0.25 0.14 -1.36 0.15 -2.685 0.329 -1.018 0.259 -1.212 0.072 -2.058 0.353 -9999 -9999 -0.16 0.02
ind99 -9999 -9999 0.077 0.000 3.763 0.274 0.040 0.002 -0.019 0.006 7.40 0.20 -4.15 0.06 -4.40 0.20 -3.64 0.06 -0.34 0.16 6.874 0.136 3.111 0.145 -2.149 0.089 0.056 0.267 -9999 -9999 -0.02 0.03
ind100 -9999 -9999 0.029 0.000 -4.876 0.264 0.018 0.002 -0.013 0.004 -6.61 0.34 1.23 0.13 0.46 0.18 1.09 0.20 4.19 0.20 -7.121 0.314 -2.245 0.229 -0.255 0.112 -0.094 0.174 -9999 -9999 -0.05 0.01
ind101 -9999 -9999 0.033 0.000 8.504 0.243 0.031 0.002 -0.005 0.005 10.28 0.20 -2.94 0.12 -2.18 0.13 -2.03 0.10 -1.32 0.09 10.842 0.230 2.338 0.147 -2.059 0.089 -0.656 0.373 -9999 -9999 -0.06 0.02
ind102 -9999 -9999 0.111 0.000 -8.289 0.301 0.036 0.002 -0.047 0.005 -7.08 0.02 0.26 0.06 -0.76 0.12 -0.55 0.11 8.93 0.07 -9.746 0.108 -1.457 0.196 0.016 0.105 2.029 0.045 -9999 -9999 0.06 0.01
ind103 -9999 -9999 0.101 0.000 -4.224 0.174 0.017 0.002 -0.004 0.007 -1.34 0.24 -2.34 0.12 -2.59 0.16 -1.90 0.13 -0.58 0.12 -3.544 0.232 0.680 0.106 -0.749 0.068 -0.313 0.274 -9999 -9999 -0.06 0.02
ind104 -9999 -9999 0.102 0.000 -5.176 0.166 0.024 0.002 -0.022 0.004 -3.98 0.28 -0.24 0.13 -1.49 0.19 -1.26 0.11 4.65 0.17 -6.471 0.276 -1.295 0.112 0.494 0.057 -0.143 0.130 -9999 -9999 -0.04 0.01
ind105 -9999 -9999 0.100 0.000 -4.575 0.238 0.056 0.001 -0.028 0.004 -3.51 0.09 -0.90 0.06 -1.05 0.33 -0.77 0.02 3.10 0.05 -4.496 0.076 0.078 0.163 -0.519 0.116 -1.859 0.049 -9999 -9999 -0.12 0.01
ind106 -9999 -9999 0.100 0.000 9.146 0.377 0.022 0.002 0.018 0.007 12.61 0.39 -2.71 0.12 -1.71 0.25 -1.52 0.23 -3.61 0.20 11.244 0.408 2.097 0.227 -2.384 0.167 -2.404 0.565 -9999 -9999 -0.16 0.04
ind107 -9999 -9999 0.042 0.000 -2.768 0.042 0.036 0.002 -0.039 0.005 -1.46 0.24 -3.39 0.16 -5.31 0.09 -4.79 0.20 5.05 0.14 -1.541 0.174 1.227 0.164 0.781 0.110 0.241 0.124 -9999 -9999 -0.01 0.01
ind108 -9999 -9999 0.025 0.000 -6.987 0.313 0.038 0.002 -0.045 0.005 -6.99 0.30 -1.65 0.02 -2.52 0.08 -2.16 0.07 6.58 0.14 -6.614 0.292 0.372 0.054 -0.587 0.095 2.168 0.113 -9999 -9999 0.08 0.01
ind109 -9999 -9999 0.097 0.000 -5.702 0.160 0.032 0.002 -0.050 0.006 -2.66 0.25 -2.42 0.17 -3.99 0.10 -3.70 0.16 7.30 0.19 -5.003 0.200 0.700 0.107 1.234 0.136 1.954 0.178 -9999 -9999 0.07 0.01
ind110 -9999 -9999 0.112 0.000 -17.129 0.213 0.050 0.002 -0.048 0.004 -16.93 0.29 0.28 0.10 -0.63 0.06 -0.19 0.09 8.51 0.17 -18.722 0.290 -1.593 0.148 -1.088 0.128 1.369 0.278 -9999 -9999 0.04 0.02
ind111 -9999 -9999 0.032 0.000 -2.968 0.412 0.008 0.002 -0.001 0.004 -2.85 0.49 -1.49 0.18 -2.16 0.12 -1.93 0.23 0.88 0.19 -3.410 0.504 -0.442 0.171 -0.034 0.182 -0.638 0.239 -9999 -9999 -0.08 0.03
ind112 -9999 -9999 0.059 0.000 -7.204 0.250 0.040 0.002 -0.017 0.004 -7.76 0.28 -0.01 0.22 -0.57 0.18 -0.18 0.18 3.35 0.16 -8.212 0.233 -1.008 0.305 -1.786 0.074 -0.769 0.155 -9999 -9999 -0.09 0.02
ind113 -9999 -9999 0.049 0.000 0.904 0.321 0.021 0.002 0.003 0.004 0.64 0.10 0.14 0.15 0.25 0.16 0.96 0.18 0.05 0.11 0.043 0.161 -0.861 0.229 -0.486 0.054 -1.925 0.161 -9999 -9999 -0.12 0.01
ind114 -9999 -9999 0.062 0.000 -3.300 0.404 0.051 0.002 -0.042 0.007 -3.91 0.34 -0.09 0.05 -0.91 0.23 -0.90 0.09 7.52 0.18 -4.208 0.291 -0.908 0.115 -0.484 0.050 0.165 0.325 -9999 -9999 -0.02 0.03
ind115 -9999 -9999 0.107 0.000 -7.866 0.274 0.049 0.003 -0.034 0.006 -7.97 0.44 1.02 0.21 -0.23 0.21 -0.29 0.23 6.37 0.33 -9.817 0.449 -1.951 0.188 0.013 0.072 -1.337 0.401 -9999 -9999 -0.08 0.02
ind116 -9999 -9999 0.080 0.000 -18.695 0.165 0.056 0.002 -0.058 0.007 -20.80 0.17 2.38 0.12 0.58 0.20 1.57 0.12 12.63 0.12 -22.186 0.207 -3.490 0.164 0.318 0.119 0.638 0.435 -9999 -9999 -0.00 0.04
ind117 -9999 -9999 0.107 0.000 2.357 0.064 0.035 0.002 -0.012 0.004 4.89 0.24 -1.47 0.12 -1.73 0.14 -2.61 0.11 0.63 0.19 3.199 0.151 0.843 0.184 0.167 0.110 -2.203 0.256 -9999 -9999 -0.10 0.01
ind118 -9999 -9999 0.062 0.000 9.578 0.339 0.032 0.001 0.006 0.005 12.83 0.30 -2.62 0.08 -2.06 0.11 -3.15 0.08 -3.89 0.17 12.945 0.282 3.367 0.092 -0.856 0.045 -3.370 0.297 -9999 -9999 -0.14 0.02
ind119 -9999 -9999 0.072 0.000 -19.071 0.146 0.038 0.002 -0.054 0.006 -21.04 0.39 2.12 0.22 -0.33 0.21 0.74 0.21 12.50 0.18 -22.797 0.354 -3.726 0.330 0.844 0.138 1.590 0.131 -9999 -9999 0.05 0.01
ind120 -9999 -9999 0.022 0.000 -5.885 0.296 0.029 0.002 -0.043 0.005 -7.32 0.40 -0.13 0.12 -2.21 0.16 -2.19 0.08 8.80 0.26 -7.602 0.367 -1.717 0.091 1.854 0.100 0.399 0.340 -9999 -9999 0.00 0.02
ind121 -9999 -9999 0.078 0.000 4.097 0.330 0.008 0.002 -0.009 0.006 9.14 0.35 -4.87 0.10 -5.18 0.15 -4.21 0.10 -1.31 0.18 7.410 0.358 3.313 0.075 -1.017 0.119 1.604 0.343 -9999 -9999 0.05 0.03
ind122 -9999 -9999 0.037 0.000 5.921 0.295 0.037 0.002 -0.007 0.006 7.27 0.34 -2.27 0.10 -2.30 0.09 -3.39 0.10 -1.05 0.15 7.876 0.302 1.956 0.018 -0.081 0.094 -2.859 0.333 -9999 -9999 -0.12 0.02
ind123 -9999 -9999 0.091 0.000 -10.264 0.371 0.050 0.002 -0.039 0.004 -9.52 0.28 -0.80 0.14 -2.11 0.16 -1.73 0.11 6.39 0.17 -10.742 0.278 -0.478 0.124 -1.434 0.100 0.372 0.321 -9999 -9999 -0.03 0.02
ind124 -9999 -9999 0.064 0.000 -2.292 0.129 0.043 0.001 -0.001 0.004 -3.84 0.19 0.89 0.15 0.17 0.20 1.11 0.19 1.12 0.09 -3.996 0.142 -1.704 0.248 -0.509 0.154 -4.066 0.161 -9999 -9999 -0.23 0.01
ind125 -9999 -9999 0.037 0.000 6.809 0.378 -0.000 0.001 0.015 0.004 8.54 0.19 -0.95 0.15 -0.56 0.16 -1.32 0.14 -2.12 0.22 7.701 0.201 0.892 0.236 0.443 0.135 -1.843 0.164 -9999 -9999 -0.08 0.02
ind126 -9999 -9999 0.052 0.000 1.415 0.147 0.056 0.002 -0.038 0.005 3.82 0.18 -4.50 0.08 -5.63 0.09 -6.47 0.05 2.49 0.11 4.341 0.190 2.927 0.064 0.841 0.031 -1.981 0.091 -9999 -9999 -0.08 0.01
ind127 -9999 -9999 0.074 0.000 4.571 0.185 0.001 0.002 0.030 0.004 6.01 0.25 -0.84 0.20 -0.29 0.13 0.05 0.20 -2.73 0.13 4.261 0.210 -0.310 0.167 -1.384 0.106 -2.438 0.148 -9999 -9999 -0.17 0.01
ind128 -9999 -9999 0.068 0.000 -1.431 0.244 0.034 0.002 0.008 0.006 -1.99 0.15 0.25 0.10 0.87 0.02 1.59 0.09 -0.91 0.03 -2.306 0.144 -0.875 0.112 -2.179 0.069 -2.870 0.028 -9999 -9999 -0.18 0.00
ind129 -9999 -9999 0.097 0.000 -3.052 0.202 0.026 0.002 -0.017 0.004 0.60 0.28 -4.04 0.09 -5.18 0.08 -4.63 0.17 0.85 0.14 -1.162 0.225 1.891 0.051 -0.787 0.098 -0.075 0.322 -9999 -9999 -0.02 0.02
ind130 -9999 -9999 0.108 0.000 4.153 0.283 0.022 0.002 0.027 0.005 4.75 0.29 0.55 0.08 0.67 0.23 1.33 0.10 -1.75 0.18 2.800 0.340 -1.353 0.088 -1.240 0.090 -4.690 0.389 -9999 -9999 -0.25 0.02
ind131 -9999 -9999 0.072 0.000 3.696 0.284 0.012 0.001 0.002 0.004 7.73 0.29 -4.80 0.12 -5.61 0.19 -5.17 0.11 -1.72 0.17 6.426 0.245 2.730 0.235 1.092 0.122 -2.012 0.184 -9999 -9999 -0.12 0.01
ind132 -9999 -9999 0.096 0.000 0.612 0.102 0.016 0.002 -0.017 0.006 5.08 0.16 -3.29 0.10 -3.23 0.15 -2.66 0.11 0.61 0.13 2.880 0.157 2.268 0.057 -1.228 0.124 1.892 0.337 -9999 -9999 0.05 0.02
ind133 -9999 -9999 0.084 0.000 -19.813 0.259 0.046 0.002 -0.053 0.004 -20.63 0.34 0.40 0.11 -2.24 0.13 -1.50 0.17 10.63 0.18 -22.290 0.312 -2.477 0.182 0.673 0.142 0.666 0.169 -9999 -9999 0.01 0.02
ind134 -9999 -9999 0.113 0.000 8.115 0.425 0.013 0.002 0.014 0.006 12.82 0.35 -3.77 0.11 -3.11 0.21 -2.73 0.09 -3.39 0.34 10.626 0.345 2.511 0.117 -1.694 0.142 -1.224 0.392 -9999 -9999 -0.09 0.03
ind135 -9999 -9999 0.126 0.000 -10.542 0.157 0.057 0.002 -0.065 0.006 -8.04 0.04 -1.72 0.11 -3.29 0.25 -3.03 0.05 9.86 0.12 -10.420 0.039 0.122 0.177 0.400 0.084 1.515 0.076 -9999 -9999 0.04 0.02
ind136 -9999 -9999 0.036 0.000 3.818 0.079 0.010 0.002 -0.005 0.005 7.44 0.15 -4.76 0.10 -4.96 0.10 -5.32 0.14 -2.05 0.06 7.271 0.128 3.453 0.056 -0.124 0.042 -0.291 0.133 -9999 -9999 0.00 0.02
ind137 -9999 -9999 0.090 0.000 8.897 0.254 0.038 0.002 -0.004 0.004 12.30 0.42 -3.72 0.14 -3.57 0.15 -4.06 0.17 -1.77 0.18 11.571 0.375 2.674 0.121 -1.487 0.073 -2.509 0.183 -9999 -9999 -0.13 0.01
ind138 -9999 -9999 0.042 0.000 12.073 0.262 0.003 0.002 0.015 0.005 15.72 0.22 -4.03 0.08 -3.64 0.16 -3.24 0.08 -3.28 0.23 15.119 0.178 3.047 0.090 -1.341 0.145 -0.586 0.424 -9999 -9999 -0.06 0.02
ind139 -9999 -9999 0.078 0.000 -4.352 0.109 0.054 0.002 -0.030 0.006 -4.52 0.20 0.10 0.06 0.36 0.05 0.60 0.05 4.10 0.18 -4.832 0.145 -0.480 0.057 -1.742 0.086 -0.601 0.242 -9999 -9999 -0.06 0.02
ind140 -9999 -9999 0.060 0.000 4.716 0.309 0.011 0.002 -0.005 0.005 7.47 0.30 -2.75 0.10 -2.83 0.13 -2.68 0.06 -0.60 0.19 6.145 0.284 1.429 0.026 0.249 0.061 -0.250 0.255 -9999 -9999 -0.05 0.02
ind141 -9999 -9999 0.039 0.000 -14.691 0.156 0.062 0.003 -0.074 0.007 -14.92 0.29 -1.79 0.15 -3.75 0.10 -3.29 0.21 11.26 0.12 -14.539 0.264 0.152 0.109 0.435 0.114 1.867 0.235 -9999 -9999 0.06 0.02
ind142 -9999 -9999 0.043 0.000 -0.122 0.240 0.021 0.001 -0.008 0.004 3.99 0.28 -5.72 0.09 -6.21 0.08 -6.73 0.11 -1.90 0.09 4.033 0.296 4.155 0.077 1.437 0.119 -1.993 0.166 -9999 -9999 -0.07 0.01
ind143 -9999 -9999 0.026 0.000 -3.369 0.299 0.030 0.002 -0.017 0.005 -3.59 0.16 -1.12 0.05 -1.74 0.24 -1.40 0.13 2.46 0.06 -3.320 0.199 0.049 0.162 -1.275 0.077 -0.014 0.274 -9999 -9999 -0.05 0.03
ind144 -9999 -9999 0.111 0.000 -5.813 0.160 0.016 0.002 -0.030 0.005 -1.93 0.17 -2.58 0.08 -3.22 0.04 -2.91 0.10 3.42 0.09 -4.941 0.202 0.873 0.065 0.543 0.116 2.100 0.254 -9999 -9999 0.07 0.02
ind145 -9999 -9999 0.032 0.000 7.239 0.192 -0.004 0.002 0.004 0.006 11.49 0.10 -4.41 0.05 -3.96 0.25 -3.04 0.09 -2.97 0.07 10.763 0.093 3.524 0.123 -1.344 0.061 1.676 0.206 -9999 -9999 0.07 0.02
ind146 -9999 -9999 0.043 0.000 -13.161 0.335 0.016 0.001 -0.016 0.005 -15.29 0.19 1.98 0.20 0.85 0.33 1.98 0.06 5.35 0.12 -16.436 0.224 -3.276 0.254 0.008 0.073 0.387 0.118 -9999 -9999 -0.04 0.01
ind147 -9999 -9999 0.094 0.000 2.046 0.160 0.028 0.001 0.012 0.004 2.03 0.18 0.92 0.04 1.36 0.09 1.98 0.10 -0.29 0.14 0.624 0.152 -1.422 0.070 -1.831 0.064 -2.866 0.151 -9999 -9999 -0.18 0.02
ind148 -9999 -9999 0.024 0.000 -15.224 0.326 0.017 0.002 -0.029 0.006 -17.25 0.22 1.25 0.03 0.15 0.24 1.02 0.02 7.23 0.18 -17.874 0.207 -2.650 0.121 -0.604 0.078 2.262 0.351 -9999 -9999 0.07 0.02
ind149 -9999 -9999 0.107 0.000 -7.744 0.332 0.040 0.002 -0.053 0.007 -5.86 0.30 -1.60 0.17 -4.02 0.11 -3.79 0.19 9.37 0.16 -8.326 0.264 -0.582 0.189 2.032 0.174 0.439 0.218 -9999 -9999 -0.00 0.02
ind150 -9999 -9999 0.056 0.000 -1.522 0.023 0.043 0.001 -0.038 0.005 0.46 0.17 -2.09 0.12 -2.87 0.06 -4.33 0.06 3.13 0.12 0.421 0.114 1.943 0.091 1.177 0.037 -0.777 0.127 -9999 -9999 -0.01 0.01
ind151 -9999 -9999 0.062 0.000 9.564 0.238 0.016 0.002 0.015 0.005 11.93 0.35 -2.27 0.15 -2.30 0.12 -2.52 0.19 -2.37 0.12 11.085 0.304 1.521 0.133 0.830 0.094 -3.785 0.257 -9999 -9999 -0.17 0.01
ind152 -9999 -9999 0.086 0.000 -3.485 0.339 0.006 0.001 -0.007 0.004 -0.76 0.25 -0.59 0.07 -0.76 0.10 -0.96 0.09 0.20 0.12 -3.122 0.259 0.362 0.089 -0.072 0.059 0.199 0.090 -9999 -9999 0.01 0.02
ind153 -9999 -9999 0.058 0.000 1.070 0.235 0.033 0.001 -0.017 0.005 3.12 0.29 -2.92 0.05 -2.95 0.09 -2.65 0.11 0.11 0.16 2.820 0.262 1.750 0.081 -0.851 0.100 -0.313 0.246 -9999 -9999 -0.03 0.01
ind154 -9999 -9999 0.073 0.000 -5.692 0.316 0.037 0.002 -0.049 0.005 -3.87 0.30 -2.43 0.15 -4.41 0.05 -4.01 0.15 7.50 0.22 -5.240 0.351 0.452 0.057 0.534 0.029 1.615 0.253 -9999 -9999 0.04 0.02
ind155 -9999 -9999 0.072 0.000 4.522 0.275 0.028 0.002 0.011 0.005 6.87 0.11 -2.76 0.06 -1.62 0.23 -1.19 0.04 -3.30 0.11 6.680 0.137 2.158 0.182 -2.958 0.150 -1.647 0.408 -9999 -9999 -0.11 0.03
ind156 -9999 -9999 0.061 0.000 -7.265 0.185 0.054 0.002 -0.068 0.006 -5.79 0.22 -2.89 0.09 -4.84 0.10 -4.62 0.15 9.93 0.25 -6.215 0.235 1.050 0.090 1.172 0.124 1.568 0.207 -9999 -9999 0.06 0.02
ind157 -9999 -9999 0.094 0.000 -7.218 0.327 0.017 0.002 -0.025 0.006 -6.58 0.15 1.13 0.02 0.85 0.10 1.23 0.06 6.03 0.05 -9.329 0.219 -2.110 0.178 -0.362 0.122 1.861 0.190 -9999 -9999 0.02 0.02
ind158 -9999 -9999 0.028 0.000 -13.807 0.200 0.017 0.002 -0.028 0.005 -15.44 0.31 0.86 0.12 -1.00 0.09 -0.56 0.14 6.72 0.21 -16.216 0.212 -2.410 0.053 1.878 0.167 -0.094 0.396 -9999 -9999 -0.03 0.03
ind159 -9999 -9999 0.070 0.000 -3.468 0.179 0.022 0.001 -0.015 0.004 2.12 0.20 -4.77 0.07 -5.35 0.15 -6.57 0.15 -2.27 0.11 1.161 0.203 4.630 0.035 0.823 0.078 -0.645 0.154 -9999 -9999 0.01 0.01
ind160 -9999 -9999 0.089 0.000 -14.194 0.261 0.032 0.002 -0.045 0.005 -14.09 0.20 1.17 0.09 0.42 0.15 1.11 0.10 8.92 0.08 -16.351 0.209 -2.157 0.136 0.737 0.107 1.668 0.127 -9999 -9999 0.03 0.01
ind161 -9999 -9999 0.070 0.000 -7.145 0.110 0.052 0.002 -0.043 0.005 -7.29 0.19 -0.76 0.04 -2.61 0.08 -2.73 0.08 7.18 0.12 -7.961 0.186 -0.816 0.103 1.332 0.091 -1.570 0.225 -9999 -9999 -0.09 0.01
ind162 -9999 -9999 0.045 0.000 10.183 0.289 0.017 0.002 0.018 0.005 12.50 0.13 -3.85 0.09 -3.70 0.17 -3.58 0.11 -3.28 0.19 12.422 0.203 2.238 0.178 -0.998 0.209 -3.001 0.335 -9999 -9999 -0.17 0.02
ind163 -9999 -9999 0.029 0.000 -1.194 0.271 0.052 0.001 -0.042 0.004 -0.79 0.15 -3.04 0.08 -4.57 0.15 -4.13 0.03 4.79 0.11 0.192 0.200 1.385 0.072 -0.100 0.090 -0.291 0.207 -9999 -9999 -0.04 0.01
ind164 -9999 -9999 0.094 0.000 4.007 0.524 0.030 0.002 0.017 0.005 4.99 0.47 -0.00 0.07 0.85 0.14 1.36 0.13 -1.50 0.21 3.751 0.495 -0.256 0.060 -2.929 0.063 -2.732 0.286 -9999 -9999 -0.18 0.01
ind165 -9999 -9999 0.125 0.000 4.664 0.401 0.027 0.002 -0.002 0.005 8.96 0.34 -3.25 0.11 -3.24 0.17 -2.89 0.10 -1.37 0.17 6.597 0.272 1.933 0.152 -1.238 0.057 -1.387 0.229 -9999 -9999 -0.09 0.02
ind166 -9999 -9999 0.086 0.000 10.169 0.284 0.001 0.002 0.024 0.006 14.34 0.26 -2.26 0.07 -1.50 0.12 -1.71 0.15 -4.04 0.14 12.572 0.258 2.403 0.075 -0.930 0.053 -2.283 0.251 -9999 -9999 -0.10 0.02
ind167 -9999 -9999 0.095 0.000 -5.220 0.131 0.006 0.002 -0.031 0.004 0.42 0.14 -4.76 0.06 -5.93 0.09 -6.49 0.06 2.34 0.06 -2.475 0.100 2.745 0.058 1.148 0.017 2.285 0.034 -9999 -9999 0.12 0.01
ind168 -9999 -9999 0.077 0.000 1.746 0.239 0.014 0.002 -0.026 0.004 5.87 0.31 -4.46 0.12 -5.80 0.09 -6.07 0.16 2.31 0.27 3.897 0.249 2.150 0.104 2.643 0.138 -0.244 0.270 -9999 -9999 -0.01 0.02
ind169 -9999 -9999 0.080 0.000 -15.518 0.239 0.062 0.002 -0.071 0.006 -14.56 0.11 -2.36 0.10 -5.19 0.10 -4.67 0.14 11.51 0.04 -15.362 0.130 0.156 0.109 0.414 0.061 1.322 0.125 -9999 -9999 0.06 0.01
ind170 -9999 -9999 0.041 0.000 9.577 0.174 0.027 0.002 0.007 0.004 10.56 0.25 -1.83 0.11 -1.39 0.03 -1.68 0.11 -1.14 0.16 10.619 0.253 1.042 0.085 -1.525 0.063 -2.412 0.183 -9999 -9999 -0.15 0.01
ind171 -9999 -9999 0.028 0.000 -12.093 0.159 0.037 0.002 -0.033 0.006 -14.73 0.36 1.50 0.21 1.40 0.19 1.95 0.27 6.40 0.20 -14.325 0.417 -2.232 0.259 -0.937 0.078 0.841 0.171 -9999 -9999 -0.02 0.01
ind172 -9999 -9999 0.094 0.000 -24.017 0.055 0.028 0.002 -0.051 0.005 -24.41 0.19 1.58 0.11 0.46 0.09 1.20 0.15 11.11 0.11 -27.055 0.201 -3.038 0.153 -0.680 0.087 3.712 0.165 -9999 -9999 0.12 0.01
ind173 -9999 -9999 0.065 0.000 -5.917 0.282 0.021 0.002 -0.033 0.005 -3.06 0.20 -3.55 0.03 -4.97 0.17 -4.48 0.05 3.80 0.13 -4.561 0.145 1.356 0.153 0.799 0.113 1.354 0.257 -9999 -9999 0.04 0.02
ind174 -9999 -9999 0.075 0.000 -0.005 0.355 0.004 0.001 0.006 0.004 2.80 0.25 -1.78 0.05 -0.90 0.18 -0.48 0.06 -1.41 0.16 0.924 0.286 0.929 0.071 -1.707 0.130 0.709 0.394 -9999 -9999 -0.01 0.02
ind175 -9999 -9999 0.079 0.000 3.747 0.353 0.014 0.002 0.011 0.005 6.35 0.25 -2.17 0.13 -1.84 0.29 -1.64 0.11 -1.87 0.22 4.860 0.205 1.113 0.222 -1.891 0.107 -0.941 0.412 -9999 -9999 -0.10 0.03
ind176 -9999 -9999 0.051 0.000 -7.535 0.220 0.063 0.002 -0.049 0.005 -9.10 0.26 0.28 0.05 -0.88 0.21 -0.51 0.06 8.35 0.21 -8.772 0.230 -1.237 0.087 0.381 0.105 -1.092 0.172 -9999 -9999 -0.06 0.01
ind177 -9999 -9999 0.093 0.000 -1.845 0.379 0.035 0.001 -0.001 0.005 -1.20 0.37 -0.14 0.17 0.42 0.25 1.09 0.09 -0.20 0.18 -2.279 0.274 -0.434 0.203 -1.222 0.089 -2.285 0.217 -9999 -9999 -0.13 0.01
ind178 -9999 -9999 0.078 0.000 7.154 0.166 -0.010 0.001 0.017 0.005 12.75 0.25 -5.04 0.10 -4.31 0.08 -3.27 0.18 -4.66 0.03 10.778 0.233 3.624 0.081 -1.587 0.054 0.776 0.184 -9999 -9999 0.01 0.01
ind179 -9999 -9999 0.100 0.000 -17.964 0.083 0.031 0.002 -0.059 0.007 -16.98 0.07 -0.20 0.09 -2.16 0.12 -1.62 0.19 11.61 0.09 -19.820 0.022 -1.856 0.069 1.099 0.095 2.993 0.241 -9999 -9999 0.11 0.02
ind180 -9999 -9999 0.120 0.000 3.726 0.264 0.006 0.002 -0.000 0.004 10.11 0.22 -4.95 0.10 -4.88 0.16 -4.26 0.03 -2.49 0.20 7.109 0.241 3.383 0.141 -0.041 0.054 -0.123 0.158 -9999 -9999 -0.03 0.01
ind181 -9999 -9999 0.042 0.000 5.440 0.293 0.031 0.001 0.019 0.006 5.73 0.35 -2.29 0.06 -2.47 0.19 -2.27 0.02 -2.61 0.23 6.363 0.320 0.923 0.092 -0.790 0.170 -4.950 0.270 -9999 -9999 -0.25 0.02
ind182 -9999 -9999 0.120 0.000 3.334 0.250 0.048 0.001 -0.024 0.004 7.44 0.08 -4.10 0.19 -5.18 0.22 -4.93 0.17 0.67 0.06 5.853 0.026 2.519 0.242 0.359 0.063 -2.253 0.022 -9999 -9999 -0.13 0.00
ind183 -9999 -9999 0.034 0.000 5.669 0.132 0.042 0.002 -0.004 0.006 6.30 0.16 -1.77 0.03 -0.44 0.07 -0.29 0.10 -1.46 0.19 7.360 0.137 1.691 0.013 -2.893 0.181 -1.566 0.357 -9999 -9999 -0.11 0.02
ind184 -9999 -9999 0.063 0.000 0.706 0.222 0.031 0.001 -0.017 0.004 2.28 0.19 -0.92 0.10 0.18 0.14 0.22 0.07 1.66 0.07 1.563 0.190 0.856 0.080 -1.933 0.043 0.751 0.140 -9999 -9999 0.00 0.00
ind185 -9999 -9999 0.014 0.000 -4.640 0.344 0.020 0.001 -0.025 0.005 -5.81 0.17 -0.02 0.12 -0.92 0.17 -0.38 0.11 4.84 0.13 -5.947 0.171 -1.307 0.235 0.942 0.213 0.460 0.214 -9999 -9999 -0.01 0.02
ind186 -9999 -9999 0.061 0.000 -1.203 0.180 0.040 0.002 -0.048 0.005 1.01 0.19 -3.66 0.13 -5.39 0.19 -5.98 0.13 6.11 0.12 0.349 0.188 1.551 0.207 1.468 0.154 0.227 0.193 -9999 -9999 0.00 0.02
ind187 -9999 -9999 0.100 0.000 -13.794 0.077 0.040 0.002 -0.033 0.005 -14.55 0.31 1.54 0.14 0.08 0.05 0.27 0.18 7.01 0.09 -16.462 0.213 -2.669 0.139 0.328 0.121 -0.713 0.269 -9999 -9999 -0.05 0.03
ind188 -9999 -9999 0.077 0.000 10.485 0.337 0.037 0.002 -0.003 0.006 14.59 0.32 -5.26 0.11 -5.34 0.17 -5.04 0.08 -2.33 0.23 14.380 0.324 3.894 0.129 -0.185 0.095 -3.243 0.222 -9999 -9999 -0.16 0.02
ind189 -9999 -9999 0.106 0.000 -8.401 0.076 0.021 0.002 0.001 0.005 -8.35 0.15 0.90 0.07 0.06 0.09 1.12 0.10 1.58 0.02 -10.772 0.163 -2.372 0.088 -0.167 0.119 -2.008 0.100 -9999 -9999 -0.13 0.01
ind190 -9999 -9999 0.073 0.000 -3.126 0.247 0.031 0.002 -0.016 0.005 -3.06 0.13 0.27 0.11 -0.39 0.19 0.22 0.11 3.07 0.06 -4.392 0.117 -1.265 0.179 0.435 0.157 -1.497 0.083 -9999 -9999 -0.11 0.01
ind191 -9999 -9999 0.077 0.000 3.623 0.362 -0.000 0.002 0.023 0.005 4.94 0.48 -0.43 0.16 -0.48 0.06 -0.29 0.16 -1.60 0.19 2.814 0.447 -0.809 0.086 0.133 0.086 -2.694 0.290 -9999 -9999 -0.16 0.02
ind192 -9999 -9999 0.056 0.000 5.672 0.191 0.001 0.002 -0.006 0.005 10.81 0.24 -5.42 0.06 -5.64 0.11 -6.42 0.04 -1.53 0.11 9.376 0.208 3.704 0.030 1.187 0.099 -0.009 0.265 -9999 -9999 0.01 0.01
ind193 -9999 -9999 0.021 0.000 1.327 0.326 0.017 0.002 -0.012 0.005 1.34 0.28 -1.34 0.10 -1.80 0.11 -1.64 0.07 1.57 0.16 1.285 0.274 -0.042 0.142 0.390 0.138 -0.356 0.231 -9999 -9999 -0.05 0.01
ind194 -9999 -9999 0.061 0.000 -13.015 0.206 0.018 0.003 -0.033 0.007 -11.45 0.23 -1.80 0.10 -2.72 0.05 -2.16 0.10 4.69 0.08 -13.054 0.252 -0.040 0.104 0.948 0.161 1.674 0.281 -9999 -9999 0.04 0.02
ind195 -9999 -9999 0.116 0.000 -16.593 0.301 0.020 0.002 -0.050 0.005 -12.08 0.22 -3.84 0.02 -5.91 0.14 -4.91 0.02 6.79 0.15 -15.404 0.293 1.189 0.009 0.739 0.054 3.521 0.204 -9999 -9999 0.14 0.02
ind196 -9999 -9999 0.040 0.000 -19.262 0.192 0.036 0.002 -0.065 0.005 -19.09 0.24 -2.10 0.13 -5.36 0.08 -4.66 0.21 11.60 0.11 -19.844 0.254 -0.582 0.177 1.608 0.137 2.458 0.160 -9999 -9999 0.10 0.01
ind197 -9999 -9999 0.086 0.000 7.364 0.322 0.027 0.002 -0.009 0.006 11.13 0.17 -3.49 0.11 -3.13 0.18 -3.17 0.11 -1.27 0.18 9.845 0.179 2.481 0.144 -0.103 0.062 -1.243 0.330 -9999 -9999 -0.08 0.02
ind198 -9999 -9999 0.020 0.000 6.677 0.153 -0.008 0.002 0.030 0.004 7.90 0.25 -1.92 0.13 -1.90 0.05 -1.97 0.16 -3.28 0.06 7.487 0.226 0.810 0.157 0.582 0.086 -3.166 0.094 -9999 -9999 -0.15 0.01
ind199 -9999 -9999 0.105 0.000 -4.382 0.116 0.024 0.002 -0.040 0.004 -0.65 0.36 -2.73 0.19 -4.20 0.17 -3.84 0.11 6.16 0.18 -3.409 0.287 0.973 0.348 -0.100 0.214 2.645 0.158 -9999 -9999 0.09 0.01
ind200 -9999 -9999 0.076 0.000 6.234 0.302 0.011 0.002 0.011 0.005 8.66 0.28 -1.37 0.04 -0.05 0.08 -0.12 0.03 -1.96 0.15 7.085 0.208 0.850 0.118 -1.597 0.080 -0.762 0.254 -9999 -9999 -0.08 0.02
ind201 -9999 -9999 0.109 0.000 -10.162 0.279 0.049 0.002 -0.030 0.006 -9.83 0.28 0.53 0.12 0.53 0.07 0.97 0.11 5.13 0.18 -11.434 0.364 -1.272 0.093 -2.291 0.087 0.204 0.144 -9999 -9999 -0.03 0.01
ind202 -9999 -9999 0.118 0.000 -8.798 0.260 0.026 0.002 -0.017 0.004 -7.83 0.30 0.52 0.14 -0.32 0.05 0.62 0.15 3.72 0.17 -10.670 0.263 -1.872 0.189 0.550 0.167 -0.884 0.189 -9999 -9999 -0.09 0.02
ind203 -9999 -9999 0.123 0.000 -5.229 0.263 0.066 0.002 -0.051 0.006 -4.11 0.22 -0.85 0.09 -1.95 0.09 -1.99 0.05 8.17 0.16 -5.607 0.189 -0.377 0.093 -0.890 0.136 -0.292 0.134 -9999 -9999 -0.03 0.01
ind204 -9999 -9999 0.124 0.000 -0.179 0.222 0.043 0.001 -0.006 0.006 2.06 0.27 -1.81 0.25 -2.43 0.18 -2.05 0.23 0.17 0.08 0.282 0.210 0.460 0.243 -0.477 0.193 -3.262 0.126 -9999 -9999 -0.19 0.02
ind205 -9999 -9999 0.054 0.000 -8.114 0.307 0.026 0.002 -0.035 0.004 -8.95 0.35 1.46 0.14 1.34 0.09 1.61 0.19 7.64 0.23 -10.224 0.343 -2.110 0.075 -0.810 0.073 2.096 0.120 -9999 -9999 0.05 0.01
ind206 -9999 -9999 0.020 0.000 -0.867 0.347 0.030 0.002 -0.003 0.006 -2.24 0.30 -0.29 0.03 -0.38 0.13 -0.39 0.09 0.45 0.16 -1.374 0.290 -0.506 0.124 -1.066 0.147 -2.223 0.318 -9999 -9999 -0.13 0.02
ind207 -9999 -9999 0.079 0.000 -5.460 0.092 0.023 0.002 -0.030 0.004 -3.21 0.10 -1.28 0.07 -2.04 0.12 -2.62 0.04 3.26 0.12 -4.982 0.024 0.479 0.114 -0.032 0.078 0.950 0.175 -9999 -9999 0.06 0.02
ind208 -9999 -9999 0.035 0.000 4.644 0.371 0.038 0.002 -0.021 0.005 5.42 0.30 -2.11 0.05 -2.60 0.07 -3.86 0.07 1.57 0.13 5.917 0.360 1.273 0.045 1.297 0.031 -2.277 0.126 -9999 -9999 -0.10 0.01
ind209 -9999 -9999 0.079 0.000 -11.925 0.056 0.059 0.002 -0.041 0.005 -13.75 0.36 1.09 0.17 -0.55 0.22 -0.38 0.18 8.10 0.12 -14.431 0.230 -2.507 0.182 -0.087 0.113 -1.534 0.252 -9999 -9999 -0.10 0.02
ind210 -9999 -9999 0.055 0.000 11.274 0.313 0.024 0.002 -0.003 0.005 15.51 0.21 -4.94 0.07 -5.04 0.21 -4.54 0.02 -2.33 0.21 15.255 0.127 3.981 0.194 -1.585 0.063 -0.644 0.297 -9999 -9999 -0.06 0.02
ind211 -9999 -9999 0.066 0.000 6.652 0.085 0.029 0.002 0.007 0.005 8.23 0.25 -2.56 0.12 -2.69 0.10 -2.65 0.18 -1.62 0.32 7.964 0.199 1.312 0.131 -0.640 0.113 -3.207 0.291 -9999 -9999 -0.18 0.03
ind212 -9999 -9999 0.082 0.000 6.070 0.242 0.034 0.002 -0.001 0.006 9.32 0.34 -3.97 0.08 -4.22 0.15 -4.08 0.14 -1.77 0.18 8.614 0.325 2.544 0.094 -1.866 0.157 -2.059 0.237 -9999 -9999 -0.13 0.03
ind213 -9999 -9999 0.055 0.000 -8.993 0.140 0.014 0.002 -0.038 0.005 -6.07 0.08 -1.74 0.04 -2.88 0.06 -4.18 0.02 4.25 0.06 -7.648 0.047 1.345 0.094 1.976 0.082 1.863 0.067 -9999 -9999 0.12 0.02
ind214 -9999 -9999 0.124 0.000 11.645 0.261 0.040 0.001 0.000 0.004 17.41 0.12 -4.50 0.04 -3.17 0.22 -2.87 0.04 -3.68 0.16 16.047 0.166 4.401 0.112 -3.098 0.061 -1.587 0.210 -9999 -9999 -0.09 0.01
ind215 -9999 -9999 0.031 0.000 -3.312 0.087 0.055 0.002 -0.035 0.004 -4.31 0.14 -0.99 0.04 -1.63 0.06 -1.44 0.08 4.96 0.13 -3.124 0.106 0.189 0.105 -1.581 0.115 -0.404 0.171 -9999 -9999 -0.05 0.03
ind216 -9999 -9999 0.104 0.000 -6.712 0.220 0.070 0.002 -0.056 0.005 -7.23 0.13 1.09 0.07 0.14 0.16 0.45 0.05 10.24 0.10 -8.404 0.157 -1.693 0.071 -0.387 0.057 -0.476 0.225 -9999 -9999 -0.05 0.01
ind217 -9999 -9999 0.090 0.000 7.097 0.492 0.024 0.002 0.019 0.007 10.76 0.49 -3.17 0.07 -2.62 0.11 -3.11 0.18 -4.55 0.18 10.128 0.421 3.031 0.101 -1.179 0.141 -4.060 0.291 -9999 -9999 -0.17 0.03
ind218 -9999 -9999 0.111 0.000 8.209 0.152 0.009 0.002 0.030 0.005 10.31 0.37 0.05 0.17 0.90 0.15 0.94 0.23 -2.19 0.07 7.751 0.315 -0.459 0.168 -1.453 0.165 -3.562 0.287 -9999 -9999 -0.20 0.02
ind219 -9999 -9999 0.089 0.000 6.302 0.162 0.015 0.002 0.001 0.005 9.13 0.08 -2.31 0.10 -2.46 0.15 -2.57 0.12 -0.37 0.05 7.221 0.121 0.919 0.142 -0.414 0.173 -1.062 0.208 -9999 -9999 -0.09 0.01
ind220 -9999 -9999 0.088 0.000 9.624 0.222 0.015 0.002 0.006 0.005 13.43 0.32 -3.52 0.10 -3.22 0.06 -3.59 0.13 -2.28 0.26 11.861 0.280 2.237 0.101 -0.887 0.227 -1.637 0.505 -9999 -9999 -0.10 0.03
ind221 -9999 -9999 0.058 0.000 -2.716 0.207 0.018 0.002 0.023 0.005 -4.58 0.30 1.58 0.12 1.31 0.18 2.39 0.20 -0.67 0.07 -5.299 0.237 -2.583 0.252 -0.875 0.139 -4.068 0.226 -9999 -9999 -0.23 0.02
ind222 -9999 -9999 0.074 0.000 5.472 0.209 0.018 0.002 0.004 0.005 7.44 0.33 -1.04 0.14 0.13 0.17 0.13 0.10 -1.11 0.11 6.113 0.314 0.641 0.174 -1.375 0.081 -0.655 0.105 -9999 -9999 -0.07 0.02
ind223 -9999 -9999 0.119 0.000 1.644 0.058 0.053 0.002 -0.039 0.005 6.03 0.11 -3.35 0.06 -4.20 0.03 -5.69 0.07 2.60 0.15 4.308 0.130 2.665 0.084 0.801 0.083 -1.427 0.160 -9999 -9999 -0.05 0.01
ind224 -9999 -9999 0.031 0.000 2.535 0.219 -0.014 0.002 0.033 0.005 3.10 0.17 -0.83 0.06 -0.33 0.12 0.13 0.03 -2.64 0.06 2.082 0.152 -0.453 0.091 -1.264 0.162 -1.221 0.232 -9999 -9999 -0.12 0.02
ind225 -9999 -9999 0.097 0.000 2.629 0.187 0.051 0.001 -0.015 0.004 2.65 0.03 0.48 0.06 0.32 0.15 0.57 0.06 2.71 0.10 1.693 0.082 -0.937 0.107 -0.845 0.096 -2.804 0.231 -9999 -9999 -0.16 0.01
ind226 -9999 -9999 0.027 0.000 8.167 0.187 0.018 0.002 0.006 0.004 10.59 0.17 -3.95 0.09 -4.22 0.03 -4.56 0.05 -2.40 0.05 10.881 0.175 2.714 0.095 1.183 0.085 -3.230 0.134 -9999 -9999 -0.15 0.01
ind227 -9999 -9999 0.015 0.000 14.306 0.022 -0.007 0.002 0.023 0.005 17.98 0.20 -4.51 0.07 -3.87 0.06 -4.32 0.16 -4.29 0.11 18.040 0.117 3.734 0.113 -0.388 0.120 -1.371 0.275 -9999 -9999 -0.06 0.02
ind228 -9999 -9999 0.078 0.000 -8.363 0.185 0.022 0.002 -0.032 0.005 -4.82 0.28 -3.95 0.12 -4.97 0.14 -4.03 0.13 2.90 0.15 -6.351 0.221 2.012 0.123 -0.589 0.063 2.268 0.257 -9999 -9999 0.08 0.01
ind229 -9999 -9999 0.050 0.000 -11.794 0.318 0.043 0.002 -0.051 0.004 -10.60 0.20 -2.21 0.09 -3.31 0.16 -2.66 0.09 7.51 0.20 -10.967 0.248 0.826 0.092 -1.310 0.079 2.844 0.193 -9999 -9999 0.11 0.01
ind230 -9999 -9999 0.038 0.000 2.375 0.130 0.021 0.002 -0.026 0.005 4.82 0.18 -3.58 0.08 -4.16 0.13 -3.79 0.14 1.71 0.10 4.497 0.166 2.122 0.042 0.446 0.037 1.047 0.108 -9999 -9999 0.00 0.00
ind231 -9999 -9999 0.045 0.000 -5.932 0.080 0.050 0.001 -0.044 0.004 -3.07 0.26 -5.21 0.10 -6.40 0.03 -5.79 0.09 2.95 0.18 -2.776 0.209 3.157 0.150 0.339 0.151 -0.129 0.245 -9999 -9999 -0.02 0.03
ind232 -9999 -9999 0.040 0.000 6.705 0.264 0.009 0.002 -0.021 0.005 12.87 0.16 -6.23 0.02 -6.76 0.12 -7.61 0.10 -1.83 0.11 12.304 0.130 5.599 0.136 0.954 0.079 1.237 0.198 -9999 -9999 0.11 0.02
ind233 -9999 -9999 0.067 0.000 -19.159 0.176 0.012 0.002 -0.049 0.005 -17.38 0.14 -2.25 0.08 -4.88 0.09 -4.79 0.09 9.07 0.06 -19.751 0.129 -0.592 0.173 2.504 0.124 2.486 0.022 -9999 -9999 0.11 0.01
ind234 -9999 -9999 0.103 0.000 10.142 0.269 0.010 0.002 0.014 0.005 17.53 0.22 -5.80 0.03 -5.55 0.08 -6.52 0.04 -5.08 0.12 15.658 0.243 5.516 0.026 0.431 0.048 -2.706 0.234 -9999 -9999 -0.09 0.02
ind235 -9999 -9999 0.034 0.000 -21.583 0.274 0.043 0.002 -0.056 0.006 -23.74 0.39 0.80 0.19 -1.07 0.06 -0.16 0.23 11.00 0.29 -24.079 0.296 -2.497 0.058 0.538 0.093 1.661 0.361 -9999 -9999 0.05 0.01
ind236 -9999 -9999 0.058 0.000 1.676 0.275 0.016 0.002 0.028 0.005 1.25 0.19 -0.07 0.06 0.21 0.17 0.87 0.14 -2.17 0.09 0.555 0.192 -1.121 0.152 -1.981 0.146 -3.444 0.202 -9999 -9999 -0.20 0.01
ind237 -9999 -9999 0.040 0.000 5.021 0.418 -0.004 0.002 0.019 0.005 7.53 0.34 -2.49 0.11 -1.02 0.07 -0.74 0.11 -3.43 0.24 6.724 0.405 1.703 0.104 -2.183 0.134 0.442 0.295 -9999 -9999 -0.01 0.02
ind238 -9999 -9999 0.049 0.000 -2.615 0.247 0.033 0.002 -0.021 0.005 -0.42 0.12 -3.61 0.04 -3.99 0.23 -3.19 0.06 0.85 0.06 -0.313 0.196 2.302 0.118 -1.664 0.061 0.612 0.221 -9999 -9999 0.02 0.02
ind239 -9999 -9999 0.039 0.000 -3.207 0.082 0.012 0.002 -0.040 0.006 0.34 0.26 -4.42 0.10 -6.31 0.07 -5.06 0.10 4.66 0.20 -0.711 0.217 2.495 0.140 0.220 0.167 3.622 0.268 -9999 -9999 0.15 0.02
ind240 -9999 -9999 0.016 0.000 -3.531 0.331 0.015 0.002 -0.025 0.006 -2.77 0.18 -0.36 0.08 -1.35 0.29 -2.07 0.06 3.16 0.15 -3.015 0.179 0.516 0.175 2.768 0.101 -0.416 0.263 -9999 -9999 -0.01 0.03
ind241 -9999 -9999 0.101 0.000 -0.394 0.511 0.059 0.003 -0.047 0.007 3.88 0.37 -4.13 0.10 -5.31 0.11 -6.79 0.15 3.72 0.22 3.070 0.379 3.464 0.133 1.985 0.128 -1.859 0.285 -9999 -9999 -0.05 0.02
ind242 -9999 -9999 0.014 0.000 -5.197 0.219 0.031 0.002 -0.048 0.005 -5.81 0.38 -0.75 0.17 -2.03 0.09 -1.64 0.18 8.14 0.31 -5.764 0.300 -0.567 0.082 1.422 0.119 1.690 0.359 -9999 -9999 0.07 0.03
ind243 -9999 -9999 0.094 0.000 6.953 0.267 -0.017 0.002 0.024 0.004 13.62 0.29 -5.79 0.09 -5.58 0.04 -5.42 0.12 -4.17 0.14 10.792 0.345 3.839 0.079 -0.093 0.008 -0.706 0.107 -9999 -9999 -0.05 0.01
ind244 -9999 -9999 0.106 0.000 -5.135 0.291 0.037 0.002 -0.035 0.006 -5.25 0.23 1.31 0.17 -0.31 0.11 0.23 0.13 7.80 0.07 -7.502 0.260 -2.367 0.224 1.445 0.093 -1.023 0.036 -9999 -9999 -0.08 0.01
ind245 -9999 -9999 0.052 0.000 -1.793 0.454 0.031 0.002 0.002 0.006 -1.95 0.21 -0.67 0.06 0.32 0.26 0.70 0.12 -0.98 0.18 -1.757 0.243 0.036 0.222 -2.601 0.112 -1.275 0.411 -9999 -9999 -0.10 0.03
ind246 -9999 -9999 0.113 0.000 -0.038 0.197 0.010 0.002 0.003 0.005 3.17 0.23 -1.24 0.14 -0.61 0.06 -0.34 0.11 -0.90 0.09 0.224 0.257 0.263 0.076 -0.179 0.058 -0.841 0.202 -9999 -9999 -0.08 0.01
ind247 -9999 -9999 0.083 0.000 0.066 0.056 0.044 0.001 -0.037 0.004 2.64 0.12 -2.82 0.08 -3.47 0.15 -3.47 0.15 3.49 0.16 1.533 0.124 1.468 0.178 0.741 0.116 -0.496 0.129 -9999 -9999 -0.05 0.01
ind248 -9999 -9999 0.015 0.000 5.596 0.155 0.022 0.002 -0.030 0.005 9.27 0.06 -5.54 0.03 -6.78 0.16 -5.30 0.09 0.85 0.20 9.875 0.055 4.279 0.151 -0.644 0.087 2.146 0.283 -9999 -9999 0.08 0.02
ind249 -9999 -9999 0.082 0.000 -12.327 0.157 0.030 0.002 -0.053 0.007 -9.54 0.14 -2.59 0.12 -3.89 0.14 -3.23 0.15 8.04 0.11 -11.462 0.095 0.865 0.121 -0.604 0.118 4.069 0.389 -9999 -9999 0.17 0.04
ind250 -9999 -9999 0.038 0.000 -15.293 0.318 0.020 0.001 -0.022 0.005 -16.81 0.22 1.23 0.11 0.69 0.21 1.40 0.03 5.98 0.13 -17.640 0.212 -2.347 0.127 -1.312 0.061 1.675 0.084 -9999 -9999 0.02 0.02
ind251 -9999 -9999 0.108 0.000 -6.716 0.133 0.021 0.002 -0.036 0.005 -5.41 0.34 1.22 0.20 1.17 0.14 1.54 0.22 7.29 0.22 -8.510 0.358 -1.794 0.227 -0.082 0.062 2.614 0.278 -9999 -9999 0.07 0.02
ind252 -9999 -9999 0.098 0.000 -10.955 0.134 0.018 0.001 -0.034 0.005 -8.48 0.19 -1.21 0.07 -2.04 0.06 -1.48 0.10 4.93 0.13 -11.281 0.220 -0.326 0.088 0.661 0.040 2.051 0.153 -9999 -9999 0.07 0.02
ind253 -9999 -9999 0.107 0.000 2.366 0.309 0.053 0.002 -0.014 0.005 3.99 0.22 -0.61 0.21 -0.23 0.40 -0.08 0.12 1.35 0.08 2.881 0.176 0.516 0.275 -2.385 0.082 -1.959 0.244 -9999 -9999 -0.14 0.03
ind254 -9999 -9999 0.107 0.000 -1.605 0.218 0.046 0.002 -0.040 0.006 1.96 0.25 -3.48 0.12 -4.17 0.06 -3.97 0.15 3.60 0.09 0.502 0.260 2.106 0.083 -0.302 0.116 0.463 0.110 -9999 -9999 0.00 0.02
ind255 -9999 -9999 0.093 0.000 -3.846 0.464 0.039 0.002 -0.004 0.005 -3.21 0.40 -0.01 0.08 -0.22 0.15 0.28 0.11 0.10 0.16 -4.098 0.374 -0.252 0.091 -1.663 0.049 -2.550 0.224 -9999 -9999 -0.14 0.01
ind256 -9999 -9999 0.080 0.000 -23.456 0.194 0.064 0.002 -0.083 0.007 -22.44 0.34 -2.55 0.14 -5.93 0.21 -5.22 0.13 13.64 0.24 -23.561 0.244 -0.105 0.277 0.537 0.154 2.486 0.192 -9999 -9999 0.11 0.01
ind257 -9999 -9999 0.061 0.000 -12.995 0.445 0.053 0.002 -0.039 0.006 -12.84 0.48 -0.42 0.12 -1.94 0.09 -2.41 0.14 5.16 0.26 -13.016 0.477 -0.021 0.074 1.184 0.110 -1.915 0.289 -9999 -9999 -0.07 0.03
ind258 -9999 -9999 0.097 0.000 1.687 0.349 0.014 0.002 0.018 0.004 3.91 0.33 -1.00 0.10 0.62 0.13 1.04 0.15 -2.74 0.24 2.127 0.372 0.440 0.024 -2.843 0.193 -1.034 0.427 -9999 -9999 -0.09 0.02
ind259 -9999 -9999 0.110 0.000 11.159 0.344 0.016 0.002 0.016 0.005 17.18 0.38 -5.48 0.13 -4.93 0.03 -5.08 0.20 -4.32 0.08 15.487 0.422 4.328 0.085 -1.427 0.062 -2.517 0.168 -9999 -9999 -0.11 0.02
ind260 -9999 -9999 0.055 0.000 9.589 0.181 0.032 0.002 0.021 0.005 9.84 0.29 -0.36 0.09 0.25 0.14 -0.15 0.11 -2.61 0.06 10.009 0.276 0.419 0.133 -1.260 0.176 -5.027 0.287 -9999 -9999 -0.25 0.02
ind261 -9999 -9999 0.063 0.000 8.329 0.255 0.027 0.002 0.019 0.004 8.55 0.28 -0.13 0.11 0.60 0.10 0.83 0.12 -1.79 0.13 8.200 0.205 -0.129 0.096 -2.129 0.040 -3.640 0.130 -9999 -9999 -0.21 0.00
ind262 -9999 -9999 0.019 0.000 -3.893 0.304 0.018 0.002 -0.025 0.005 -4.59 0.15 0.14 0.09 -0.45 0.14 -0.41 0.07 5.42 0.11 -4.965 0.126 -1.072 0.248 -0.459 0.099 1.625 0.167 -9999 -9999 0.03 0.01
ind263 -9999 -9999 0.118 0.000 -9.334 0.041 0.033 0.001 -0.024 0.004 -7.25 0.23 -0.96 0.18 -1.58 0.13 -1.06 0.25 3.90 0.17 -9.647 0.210 -0.313 0.173 -1.570 0.103 0.755 0.306 -9999 -9999 -0.00 0.02
ind264 -9999 -9999 0.061 0.000 -3.646 0.170 0.018 0.002 -0.007 0.006 -2.73 0.16 -1.45 0.10 -2.57 0.04 -2.22 0.17 1.31 0.05 -3.863 0.155 -0.217 0.031 1.446 0.087 -2.007 0.205 -9999 -9999 -0.11 0.01
ind265 -9999 -9999 0.060 0.000 -2.779 0.287 0.044 0.002 -0.042 0.004 1.96 0.31 -5.82 0.08 -6.98 0.07 -7.58 0.15 1.18 0.16 2.129 0.276 4.908 0.089 0.109 0.038 0.196 0.161 -9999 -9999 0.05 0.01
ind266 -9999 -9999 0.123 0.000 9.354 0.207 0.038 0.002 0.023 0.005 11.06 0.22 -0.78 0.07 -0.14 0.24 -0.12 0.09 -2.65 0.07 9.664 0.168 0.309 0.093 -1.779 0.141 -5.541 0.199 -9999 -9999 -0.28 0.02
ind267 -9999 -9999 0.109 0.000 4.795 0.306 0.042 0.002 0.007 0.006 6.47 0.22 -0.69 0.01 0.38 0.15 0.68 0.03 -1.58 0.22 5.119 0.201 0.325 0.129 -2.427 0.117 -3.285 0.418 -9999 -9999 -0.18 0.03
ind268 -9999 -9999 0.036 0.000 -7.654 0.354 0.030 0.002 -0.035 0.007 -10.18 0.16 2.41 0.12 0.85 0.31 1.80 0.14 9.05 0.11 -10.894 0.159 -3.241 0.203 1.247 0.102 0.057 0.340 -9999 -9999 -0.03 0.02
ind269 -9999 -9999 0.097 0.000 5.142 0.170 0.035 0.001 -0.004 0.005 10.15 0.10 -5.67 0.10 -5.93 0.22 -5.44 0.07 -2.38 0.12 9.048 0.048 3.906 0.192 -0.683 0.088 -2.379 0.290 -9999 -9999 -0.13 0.01
ind270 -9999 -9999 0.020 0.000 -13.365 0.312 0.008 0.002 -0.038 0.005 -12.89 0.18 -1.76 0.05 -3.44 0.15 -2.68 0.02 6.32 0.17 -13.792 0.189 -0.427 0.153 0.690 0.075 3.440 0.263 -9999 -9999 0.12 0.01
ind271 -9999 -9999 0.048 0.000 -8.392 0.239 0.052 0.002 -0.045 0.006 -7.50 0.23 -3.05 0.14 -4.48 0.06 -4.09 0.09 5.20 0.09 -7.102 0.152 1.289 0.189 0.520 0.161 -0.363 0.192 -9999 -9999 -0.02 0.02
ind272 -9999 -9999 0.032 0.000 -9.384 0.262 0.039 0.002 -0.048 0.005 -6.49 0.32 -4.14 0.07 -5.51 0.03 -6.32 0.09 3.39 0.14 -6.053 0.359 3.331 0.098 0.246 0.128 1.404 0.255 -9999 -9999 0.09 0.02
ind273 -9999 -9999 0.095 0.000 3.786 0.262 -0.002 0.002 0.005 0.005 10.43 0.22 -6.20 0.05 -6.29 0.14 -4.61 0.08 -3.71 0.10 8.273 0.245 4.486 0.116 -1.426 0.125 1.308 0.273 -9999 -9999 0.04 0.02
ind274 -9999 -9999 0.075 0.000 -20.912 0.199 0.061 0.002 -0.058 0.005 -23.99 0.19 2.79 0.13 1.05 0.01 2.05 0.20 12.64 0.05 -24.716 0.196 -3.804 0.082 -0.318 0.125 0.450 0.207 -9999 -9999 -0.01 0.01
ind275 -9999 -9999 0.087 0.000 -1.173 0.218 0.017 0.001 -0.014 0.005 -0.20 0.26 0.80 0.13 0.55 0.06 0.57 0.19 3.18 0.14 -2.525 0.278 -1.352 0.079 -0.086 0.034 -0.238 0.104 -9999 -9999 -0.04 0.01
ind276 -9999 -9999 0.109 0.000 -11.776 0.283 0.038 0.002 -0.043 0.006 -11.89 0.20 1.20 0.11 -0.79 0.07 -0.14 0.12 9.68 0.14 -14.452 0.189 -2.676 0.175 0.774 0.141 0.399 0.339 -9999 -9999 -0.01 0.03
ind277 -9999 -9999 0.087 0.000 13.279 0.305 0.034 0.001 0.009 0.004 17.56 0.32 -3.05 0.18 -2.33 0.26 -2.81 0.19 -3.73 0.08 16.994 0.332 3.715 0.140 -1.953 0.061 -3.206 0.170 -9999 -9999 -0.13 0.02
ind278 -9999 -9999 0.129 0.000 -7.066 0.323 0.031 0.002 0.003 0.006 -6.49 0.24 1.02 0.03 0.96 0.25 2.02 0.07 0.56 0.07 -8.972 0.239 -1.905 0.094 -1.447 0.144 -2.422 0.190 -9999 -9999 -0.15 0.03
ind279 -9999 -9999 0.111 0.000 12.735 0.195 -0.000 0.002 0.010 0.006 19.78 0.23 -5.77 0.06 -5.24 0.18 -4.69 0.11 -4.04 0.21 17.100 0.223 4.364 0.072 -0.683 0.216 -0.264 0.424 -9999 -9999 -0.04 0.03
ind280 -9999 -9999 0.071 0.000 4.177 0.205 0.004 0.001 0.009 0.005 6.19 0.10 -1.26 0.14 -1.60 0.23 -1.07 0.17 -0.67 0.11 4.210 0.153 0.032 0.253 0.850 0.160 -1.707 0.264 -9999 -9999 -0.11 0.03
ind281 -9999 -9999 0.068 0.000 -18.145 0.126 0.028 0.002 -0.077 0.007 -15.32 0.19 -3.09 0.16 -5.62 0.07 -4.93 0.22 12.43 0.14 -17.420 0.121 0.725 0.082 1.875 0.087 4.990 0.143 -9999 -9999 0.22 0.01
ind282 -9999 -9999 0.116 0.000 -5.069 0.119 0.044 0.002 -0.047 0.007 -2.21 0.27 -1.62 0.18 -2.14 0.07 -2.00 0.10 6.98 0.13 -4.484 0.258 0.585 0.139 -1.132 0.079 2.069 0.135 -9999 -9999 0.04 0.02
ind283 -9999 -9999 0.047 0.000 -6.642 0.238 0.002 0.002 0.004 0.006 -6.84 0.29 0.56 0.12 0.93 0.10 2.01 0.15 0.07 0.17 -8.157 0.297 -1.516 0.119 -0.408 0.074 -0.077 0.171 -9999 -9999 -0.05 0.02
ind284 -9999 -9999 0.115 0.000 8.863 0.142 0.019 0.002 0.014 0.004 13.84 0.13 -1.78 0.08 -1.36 0.08 -2.18 0.11 -3.89 0.05 11.755 0.108 2.892 0.042 0.099 0.123 -3.767 0.166 -9999 -9999 -0.14 0.02
ind285 -9999 -9999 0.085 0.000 -14.135 0.259 0.027 0.002 -0.060 0.005 -8.81 0.25 -4.77 0.04 -6.64 0.10 -8.11 0.14 6.80 0.14 -11.053 0.266 3.082 0.043 2.535 0.055 2.476 0.043 -9999 -9999 0.16 0.01
ind286 -9999 -9999 0.077 0.000 13.001 0.190 0.023 0.002 0.005 0.006 18.08 0.16 -5.12 0.10 -4.07 0.10 -3.50 0.08 -4.52 0.03 17.487 0.223 4.486 0.055 -2.304 0.128 -0.951 0.269 -9999 -9999 -0.05 0.02
ind287 -9999 -9999 0.023 0.000 9.516 0.089 0.016 0.002 0.017 0.005 10.15 0.23 -1.16 0.12 0.45 0.12 0.51 0.12 -2.54 0.06 10.605 0.233 1.089 0.145 -2.427 0.092 -1.679 0.165 -9999 -9999 -0.12 0.02
ind288 -9999 -9999 0.107 0.000 4.097 0.203 -0.008 0.002 0.022 0.005 8.98 0.10 -3.72 0.02 -3.09 0.21 -2.73 0.01 -3.58 0.12 5.968 0.149 1.872 0.092 -1.313 0.121 -0.145 0.280 -9999 -9999 -0.05 0.02
ind289 -9999 -9999 0.075 0.000 4.134 0.256 0.000 0.002 0.015 0.006 6.99 0.17 -1.28 0.02 0.34 0.12 0.72 0.04 -2.38 0.03 5.188 0.151 1.054 0.115 -2.292 0.145 0.517 0.320 -9999 -9999 -0.02 0.02
ind290 -9999 -9999 0.022 0.000 4.015 0.389 0.011 0.002 0.003 0.005 7.44 0.23 -5.29 0.07 -5.18 0.22 -3.81 0.04 -3.25 0.21 7.874 0.226 3.859 0.213 -2.038 0.086 0.646 0.445 -9999 -9999 0.01 0.03
ind291 -9999 -9999 0.042 0.000 -0.901 0.254 0.040 0.002 -0.039 0.005 1.45 0.18 -3.28 0.08 -4.01 0.01 -5.42 0.12 2.99 0.04 1.555 0.193 2.456 0.077 0.465 0.093 0.080 0.191 -9999 -9999 0.03 0.02
ind292 -9999 -9999 0.107 0.000 -22.876 0.121 0.037 0.002 -0.070 0.006 -20.75 0.21 -1.62 0.10 -3.80 0.09 -2.96 0.08 11.56 0.14 -23.344 0.191 -0.468 0.186 0.432 0.087 4.100 0.050 -9999 -9999 0.17 0.00
ind293 -9999 -9999 0.063 0.000 -1.334 0.289 0.062 0.002 -0.047 0.006 -0.34 0.13 -2.12 0.07 -3.17 0.28 -2.98 0.04 5.53 0.14 -0.305 0.159 1.029 0.130 -0.062 0.041 -0.621 0.259 -9999 -9999 -0.04 0.02
ind294 -9999 -9999 0.102 0.000 -3.771 0.249 0.020 0.002 -0.040 0.005 -1.18 0.20 -1.89 0.06 -3.88 0.01 -3.99 0.12 7.26 0.05 -4.126 0.208 -0.355 0.096 1.863 0.126 1.292 0.212 -9999 -9999 0.03 0.02
ind295 -9999 -9999 0.090 0.000 -4.609 0.151 0.030 0.001 -0.024 0.004 1.36 0.18 -5.91 0.07 -6.74 0.06 -7.62 0.09 -0.37 0.06 -0.051 0.093 4.558 0.152 1.916 0.015 -1.397 0.114 -9999 -9999 -0.03 0.02
ind296 -9999 -9999 0.096 0.000 -17.435 0.482 0.001 0.002 -0.026 0.007 -15.03 0.39 -0.52 0.01 -0.74 0.20 -0.24 0.03 5.70 0.24 -18.406 0.368 -0.972 0.149 -0.791 0.093 4.118 0.403 -9999 -9999 0.16 0.03
ind297 -9999 -9999 0.067 0.000 -4.755 0.324 0.007 0.002 0.000 0.005 -3.17 0.34 -0.88 0.07 -1.47 0.08 -1.82 0.12 0.01 0.10 -5.003 0.348 -0.248 0.036 1.410 0.053 -1.638 0.174 -9999 -9999 -0.08 0.01
ind298 -9999 -9999 0.026 0.000 -7.607 0.115 0.062 0.002 -0.051 0.006 -11.36 0.27 1.93 0.11 -0.03 0.08 0.69 0.17 10.82 0.16 -10.361 0.229 -2.754 0.115 1.010 0.092 -1.617 0.258 -9999 -9999 -0.10 0.02
ind299 -9999 -9999 0.052 0.000 7.855 0.328 0.037 0.002 0.004 0.006 8.34 0.24 -1.01 0.10 0.06 0.20 0.25 0.06 -1.38 0.09 8.687 0.219 0.832 0.112 -1.232 0.094 -3.283 0.245 -9999 -9999 -0.18 0.02
ind300 -9999 -9999 0.036 0.000 13.052 0.194 -0.008 0.001 0.019 0.004 17.77 0.25 -5.95 0.08 -5.83 0.01 -5.81 0.11 -3.75 0.11 17.028 0.284 3.977 0.151 0.837 0.150 -1.785 0.165 -9999 -9999 -0.09 0.02
ind301 -9999 -9999 0.100 0.000 7.992 0.316 0.029 0.002 0.003 0.005 13.55 0.27 -5.52 0.07 -5.18 0.24 -4.20 0.04 -3.81 0.20 12.435 0.207 4.443 0.118 -2.669 0.114 -0.973 0.318 -9999 -9999 -0.06 0.03
ind302 -9999 -9999 0.102 0.000 -3.804 0.172 0.021 0.002 -0.009 0.005 -3.32 0.26 1.09 0.14 0.56 0.07 0.72 0.14 3.10 0.12 -5.853 0.273 -2.049 0.134 -0.122 0.058 -1.153 0.121 -9999 -9999 -0.07 0.01
ind303 -9999 -9999 0.037 0.000 11.515 0.279 0.012 0.002 0.005 0.005 15.08 0.22 -4.63 0.07 -4.11 0.12 -3.85 0.12 -3.05 0.09 14.898 0.214 3.383 0.087 -0.550 0.065 -1.165 0.098 -9999 -9999 -0.08 0.01
ind304 -9999 -9999 0.108 0.000 9.394 0.196 0.022 0.002 0.016 0.005 14.74 0.28 -5.16 0.08 -4.76 0.05 -4.71 0.10 -4.58 0.11 13.686 0.275 4.292 0.080 -1.690 0.101 -3.022 0.246 -9999 -9999 -0.13 0.02
ind305 -9999 -9999 0.004 0.000 -17.562 0.066 0.010 0.001 -0.035 0.005 -19.60 0.14 1.65 0.11 -0.02 0.09 -0.00 0.16 7.48 0.06 -20.075 0.112 -2.513 0.133 1.716 0.151 1.678 0.145 -9999 -9999 0.08 0.01
ind306 -9999 -9999 0.122 0.000 -2.178 0.184 0.038 0.002 -0.016 0.003 2.04 0.23 -2.89 0.05 -3.10 0.09 -3.73 0.06 -0.40 0.09 0.104 0.130 2.282 0.055 -1.191 0.097 -1.179 0.159 -9999 -9999 -0.04 0.01
ind307 -9999 -9999 0.121 0.000 -8.950 0.162 0.050 0.002 -0.058 0.006 -4.43 0.17 -4.36 0.07 -6.30 0.04 -7.15 0.11 6.68 0.12 -6.614 0.195 2.337 0.067 1.899 0.063 0.054 0.174 -9999 -9999 0.02 0.02
ind308 -9999 -9999 0.090 0.000 -0.772 0.290 0.043 0.003 -0.016 0.007 0.79 0.25 -0.68 0.08 0.51 0.06 0.69 0.20 1.10 0.12 -0.013 0.320 0.759 0.095 -2.525 0.075 -0.482 0.238 -9999 -9999 -0.05 0.01
ind309 -9999 -9999 0.021 0.000 -20.757 0.526 0.041 0.002 -0.079 0.007 -20.66 0.50 -2.47 0.16 -5.46 0.22 -4.52 0.20 13.30 0.33 -20.779 0.483 -0.022 0.153 1.557 0.155 3.791 0.401 -9999 -9999 0.16 0.02
ind310 -9999 -9999 0.110 0.000 -0.026 0.284 0.013 0.002 -0.021 0.006 4.74 0.31 -3.48 0.14 -4.16 0.14 -3.80 0.12 1.30 0.16 1.748 0.360 1.774 0.154 1.459 0.087 0.553 0.094 -9999 -9999 0.01 0.01
ind311 -9999 -9999 0.018 0.000 -0.250 0.269 -0.002 0.002 0.003 0.006 0.91 0.16 -2.33 0.04 -1.86 0.08 -1.54 0.12 -1.29 0.07 0.695 0.218 0.946 0.148 -0.904 0.118 1.114 0.345 -9999 -9999 0.02 0.01
ind312 -9999 -9999 0.024 0.000 16.442 0.194 0.026 0.002 0.009 0.005 21.54 0.20 -5.90 0.04 -5.42 0.13 -6.55 0.05 -5.69 0.15 22.874 0.151 6.431 0.055 -0.490 0.152 -3.166 0.300 -9999 -9999 -0.11 0.02
ind313 -9999 -9999 0.016 0.000 8.948 0.186 -0.015 0.001 0.024 0.004 12.72 0.02 -3.56 0.05 -3.03 0.08 -3.51 0.10 -4.88 0.06 12.497 0.148 3.550 0.047 -0.188 0.136 -0.915 0.208 -9999 -9999 -0.02 0.02
ind314 -9999 -9999 0.036 0.000 -6.208 0.016 0.050 0.002 -0.035 0.005 -8.96 0.31 1.79 0.15 0.69 0.03 0.94 0.17 7.49 0.11 -8.708 0.186 -2.500 0.188 -0.445 0.134 -1.143 0.245 -9999 -9999 -0.08 0.02
ind315 -9999 -9999 0.021 0.000 -9.829 0.097 0.026 0.002 -0.022 0.005 -10.72 0.17 0.39 0.07 0.89 0.06 1.59 0.08 3.81 0.10 -10.561 0.212 -0.732 0.141 -1.943 0.064 1.567 0.330 -9999 -9999 0.04 0.02
ind316 -9999 -9999 0.101 0.000 -7.351 0.274 0.042 0.002 -0.023 0.006 -4.89 0.24 -2.53 0.08 -2.62 0.06 -2.05 0.10 1.76 0.22 -6.148 0.225 1.203 0.142 -2.387 0.108 0.450 0.377 -9999 -9999 -0.01 0.02
ind317 -9999 -9999 0.025 0.000 -3.867 0.109 0.002 0.002 -0.003 0.005 -0.98 0.21 -2.03 0.11 -2.78 0.05 -3.37 0.06 -1.93 0.10 -1.546 0.146 2.321 0.104 2.022 0.116 -0.835 0.263 -9999 -9999 -0.00 0.02
ind318 -9999 -9999 0.009 0.000 -6.514 0.367 0.030 0.001 -0.039 0.005 -7.49 0.27 0.04 0.09 -0.23 0.15 -0.09 0.04 7.31 0.20 -7.176 0.266 -0.662 0.113 -0.815 0.041 2.260 0.190 -9999 -9999 0.07 0.02
ind319 -9999 -9999 0.106 0.000 0.705 0.247 0.053 0.002 -0.039 0.005 4.26 0.20 -3.88 0.07 -5.34 0.13 -5.04 0.07 3.58 0.21 3.107 0.209 2.402 0.159 -0.867 0.132 -0.294 0.205 -9999 -9999 -0.04 0.02
ind320 -9999 -9999 0.125 0.000 -17.115 0.223 0.068 0.001 -0.065 0.005 -17.42 0.14 0.77 0.14 -1.54 0.03 -0.87 0.22 12.72 0.12 -19.426 0.196 -2.311 0.172 0.601 0.075 -0.126 0.086 -9999 -9999 -0.03 0.01
ind321 -9999 -9999 0.125 0.000 5.830 0.225 0.040 0.002 0.002 0.006 8.48 0.29 -1.07 0.18 0.09 0.13 0.18 0.26 -1.46 0.06 6.682 0.313 0.851 0.131 -2.039 0.069 -2.505 0.253 -9999 -9999 -0.16 0.02
ind322 -9999 -9999 0.111 0.000 0.205 0.327 -0.008 0.002 0.038 0.005 1.43 0.28 0.94 0.12 1.31 0.11 2.15 0.12 -2.01 0.08 -1.818 0.330 -2.023 0.142 -1.207 0.124 -2.813 0.076 -9999 -9999 -0.18 0.01
ind323 -9999 -9999 0.042 0.000 -8.595 0.107 0.055 0.002 -0.037 0.007 -9.86 0.20 0.32 0.20 0.07 0.19 0.80 0.24 5.21 0.16 -9.474 0.247 -0.879 0.185 -0.504 0.022 -0.763 0.253 -9999 -9999 -0.06 0.02
ind324 -9999 -9999 0.031 0.000 -3.002 0.383 0.016 0.002 -0.039 0.006 -0.47 0.37 -3.49 0.05 -5.02 0.19 -4.17 0.11 5.06 0.20 -1.176 0.312 1.826 0.114 -0.077 0.225 3.338 0.432 -9999 -9999 0.13 0.01
ind325 -9999 -9999 0.104 0.000 -21.928 0.308 0.028 0.003 -0.059 0.007 -19.81 0.31 -1.41 0.01 -3.45 0.13 -2.80 0.06 10.25 0.16 -22.800 0.220 -0.872 0.096 1.410 0.145 3.109 0.446 -9999 -9999 0.12 0.04
ind326 -9999 -9999 0.125 0.000 0.211 0.158 0.008 0.001 0.017 0.004 3.97 0.11 -2.33 0.13 -1.48 0.06 -1.19 0.12 -3.15 0.02 1.135 0.221 0.924 0.077 -1.601 0.081 -1.321 0.171 -9999 -9999 -0.10 0.02
ind327 -9999 -9999 0.082 0.000 -0.356 0.304 0.016 0.002 -0.025 0.005 3.47 0.25 -2.79 0.14 -2.57 0.31 -2.36 0.06 2.55 0.13 1.418 0.179 1.774 0.223 -0.845 0.008 2.604 0.076 -9999 -9999 0.10 0.00
ind328 -9999 -9999 0.021 0.000 10.707 0.098 0.001 0.001 0.024 0.004 11.38 0.07 -0.35 0.06 0.10 0.12 0.01 0.04 -2.44 0.11 11.131 0.061 0.424 0.084 0.317 0.035 -3.390 0.104 -9999 -9999 -0.17 0.01
ind329 -9999 -9999 0.109 0.000 15.165 0.374 0.004 0.001 0.012 0.005 23.10 0.26 -6.75 0.09 -6.35 0.13 -6.76 0.14 -4.29 0.06 20.790 0.280 5.624 0.094 -0.114 0.075 -1.435 0.319 -9999 -9999 -0.05 0.01
ind330 -9999 -9999 0.043 0.000 2.961 0.089 0.010 0.002 0.007 0.004 5.17 0.36 -1.56 0.14 -1.43 0.11 -1.65 0.13 -2.42 0.18 4.653 0.292 1.692 0.210 -0.646 0.145 -1.330 0.196 -9999 -9999 -0.05 0.02
ind331 -9999 -9999 0.029 0.000 -13.562 0.251 0.054 0.002 -0.044 0.005 -13.95 0.30 -1.47 0.03 -2.91 0.02 -3.82 0.04 5.40 0.10 -13.131 0.275 0.432 0.051 0.964 0.098 -1.305 0.171 -9999 -9999 -0.05 0.01
ind332 -9999 -9999 0.106 0.000 -2.134 0.156 0.038 0.002 -0.028 0.005 -1.12 0.15 0.07 0.08 -1.03 0.12 -1.35 0.17 5.19 0.06 -3.343 0.177 -1.209 0.117 1.607 0.056 -1.874 0.188 -9999 -9999 -0.09 0.02
ind333 -9999 -9999 0.017 0.000 -9.139 0.436 0.019 0.003 -0.053 0.007 -6.18 0.40 -3.58 0.08 -5.35 0.09 -6.82 0.16 6.37 0.23 -6.550 0.481 2.589 0.046 3.427 0.184 1.973 0.209 -9999 -9999 0.13 0.01
ind334 -9999 -9999 0.107 0.000 -20.481 0.309 0.011 0.002 -0.034 0.005 -18.48 0.20 1.05 0.08 -0.53 0.14 -0.96 0.10 6.51 0.11 -22.009 0.211 -1.527 0.123 2.149 0.103 1.436 0.073 -9999 -9999 0.07 0.02
ind335 -9999 -9999 0.040 0.000 6.888 0.291 0.030 0.002 0.022 0.005 6.77 0.35 -1.31 0.14 -0.49 0.02 -0.29 0.10 -2.78 0.28 7.539 0.348 0.651 0.141 -2.920 0.089 -3.558 0.148 -9999 -9999 -0.20 0.02
ind336 -9999 -9999 0.026 0.000 3.904 0.074 0.016 0.001 0.005 0.004 6.09 0.15 -4.52 0.08 -5.03 0.07 -4.58 0.06 -1.78 0.13 6.381 0.090 2.477 0.082 -0.701 0.171 -1.592 0.303 -9999 -9999 -0.11 0.02
ind337 -9999 -9999 0.050 0.000 -1.682 0.084 0.068 0.002 -0.052 0.005 -1.57 0.23 -1.59 0.11 -1.92 0.13 -2.28 0.12 7.20 0.07 -0.823 0.309 0.859 0.255 -0.993 0.021 0.111 0.196 -9999 -9999 -0.01 0.02
ind338 -9999 -9999 0.070 0.000 -18.807 0.147 0.051 0.002 -0.050 0.006 -18.95 0.31 -0.50 0.14 -1.26 0.14 -0.75 0.14 8.44 0.18 -19.428 0.371 -0.621 0.249 -1.868 0.102 2.049 0.076 -9999 -9999 0.06 0.02
ind339 -9999 -9999 0.110 0.000 0.581 0.366 -0.006 0.002 0.029 0.005 3.20 0.29 -0.40 0.12 0.29 0.08 1.02 0.13 -2.35 0.12 0.086 0.388 -0.496 0.111 -2.082 0.126 -0.911 0.213 -9999 -9999 -0.10 0.02
ind340 -9999 -9999 0.111 0.000 1.484 0.152 0.031 0.002 0.013 0.005 5.26 0.26 -1.60 0.10 -1.74 0.01 -2.03 0.18 -4.01 0.10 3.977 0.249 2.493 0.124 -0.689 0.080 -4.485 0.229 -9999 -9999 -0.18 0.01
ind341 -9999 -9999 0.043 0.000 1.664 0.205 0.028 0.002 -0.003 0.007 3.51 0.24 -3.49 0.12 -3.24 0.04 -2.87 0.28 -2.09 0.17 3.909 0.262 2.246 0.095 -0.921 0.125 -1.692 0.308 -9999 -9999 -0.09 0.02
ind342 -9999 -9999 0.103 0.000 -3.228 0.181 0.050 0.002 -0.042 0.006 -0.97 0.11 -0.30 0.08 -1.02 0.06 -1.47 0.15 4.31 0.06 -2.294 0.168 0.935 0.028 0.181 0.118 -0.573 0.183 -9999 -9999 -0.00 0.02
ind343 -9999 -9999 0.016 0.000 0.245 0.203 0.027 0.001 -0.041 0.004 2.04 0.08 -4.25 0.02 -6.07 0.07 -6.41 0.12 5.02 0.09 2.159 0.109 1.914 0.129 2.888 0.053 -0.232 0.084 -9999 -9999 -0.01 0.02
ind344 -9999 -9999 0.104 0.000 15.584 0.166 0.018 0.001 0.013 0.004 21.77 0.15 -6.01 0.05 -5.76 0.10 -6.12 0.13 -4.06 0.09 20.308 0.147 4.724 0.028 0.348 0.044 -3.882 0.047 -9999 -9999 -0.16 0.01
ind345 -9999 -9999 0.047 0.000 6.225 0.228 0.010 0.002 0.008 0.006 7.98 0.29 -0.83 0.15 0.64 0.23 0.76 0.14 -1.11 0.09 7.134 0.283 0.909 0.127 -2.032 0.061 -0.119 0.182 -9999 -9999 -0.05 0.01
ind346 -9999 -9999 0.065 0.000 -13.272 0.254 0.030 0.002 -0.047 0.006 -14.07 0.12 1.72 0.15 1.00 0.27 1.82 0.11 9.44 0.05 -15.688 0.087 -2.416 0.219 0.670 0.062 2.130 0.166 -9999 -9999 0.06 0.01
ind347 -9999 -9999 0.037 0.000 12.994 0.215 0.025 0.002 -0.005 0.004 17.97 0.18 -6.30 0.02 -5.99 0.22 -4.78 0.10 -3.80 0.10 18.780 0.131 5.786 0.087 -1.999 0.109 0.041 0.201 -9999 -9999 -0.00 0.00
ind348 -9999 -9999 0.134 0.000 -13.604 0.299 0.059 0.002 -0.062 0.007 -8.92 0.23 -4.31 0.08 -5.76 0.21 -5.25 0.07 6.68 0.15 -11.259 0.188 2.345 0.116 0.347 0.089 1.125 0.233 -9999 -9999 0.04 0.01
ind349 -9999 -9999 0.044 0.000 10.239 0.193 0.039 0.001 0.013 0.004 10.92 0.09 -0.86 0.06 -0.64 0.18 -0.90 0.12 -2.63 0.09 11.690 0.101 1.452 0.112 -0.548 0.018 -5.429 0.119 -9999 -9999 -0.24 0.01
ind350 -9999 -9999 0.070 0.000 -8.672 0.254 0.011 0.001 -0.016 0.004 -6.07 0.33 -2.97 0.20 -4.20 0.10 -3.72 0.23 2.15 0.12 -7.906 0.348 0.766 0.256 -0.336 0.072 1.159 0.044 -9999 -9999 0.00 0.01
